TimeOfDay	Time	E1_L08.1CG_example1	E2_L13.1	E3_L13.2	E4_L08.2CG_Col0
15:06:48.139	0	-0.00521907	0.0143483	0.000876883	-0.0114768
15:06:49.139	1	-0.00489616	0.0148718	0.00128487	-0.0109008
15:06:50.139	2	-0.00448174	0.0152373	0.00223962	-0.0102984
15:06:51.139	3	-0.00415908	0.0156329	0.00311158	-0.00875113
15:06:52.139	4	-0.00320395	0.0161323	0.00436283	-0.00846125
15:06:53.139	5	-0.0028435	0.016484	0.0055421	-0.00764362
15:06:54.139	6	-0.00286861	0.0167054	0.006394	-0.00663328
15:06:55.139	7	-0.00220038	0.0172512	0.00715718	-0.00570807
15:06:56.139	8	-0.00164843	0.0176848	0.00811315	-0.00504166
15:06:57.139	9	-0.00140553	0.0177538	0.00887243	-0.00413187
15:06:58.139	10	-0.00115958	0.0176999	0.0089741	-0.00392185
15:06:59.139	11	-0.000865221	0.0166864	0.00782166	-0.00350867
15:07:00.139	12	-5.54258e-05	0.016611	0.00758705	-0.00364166
15:07:01.139	13	-0.000189213	0.0168349	0.0081222	-0.00295119
15:07:02.139	14	-4.94436e-05	0.0169005	0.00860447	-0.00240398
15:07:03.139	15	0.000338204	0.0169866	0.009984	-0.00141542
15:07:04.139	16	0.00080906	0.0175736	0.010918	-0.0010066
15:07:05.139	17	0.00148496	0.0180303	0.0110534	-0.000952841
15:07:06.139	18	0.00172949	0.0181045	0.0121457	3.62159e-05
15:07:07.139	19	0.0018608	0.0182348	0.0130606	-6.92157e-05
15:07:08.139	20	0.00217494	0.0178624	0.0130927	0.000931153
15:07:09.139	21	0.00239294	0.0176812	0.0133506	0.00139601
15:07:10.139	22	0.00311584	0.0176749	0.0141483	0.00166929
15:07:11.139	23	0.00366377	0.0178501	0.0146158	0.00250462
15:07:12.139	24	0.00398592	0.0183611	0.0158302	0.00326237
15:07:13.139	25	0.00441511	0.0188061	0.0166137	0.00377504
15:07:14.139	26	0.00535031	0.0194281	0.0168552	0.00438719
15:07:15.139	27	0.00560369	0.0199904	0.0183162	0.00539364
15:07:16.139	28	0.00634585	0.0205825	0.0185391	0.00599429
15:07:17.139	29	0.00655753	0.021003	0.019148	0.00653195
15:07:18.139	30	0.00690069	0.0214664	0.0191557	0.00619936
15:07:19.139	31	0.00779043	0.0217864	0.0193971	0.00666004
15:07:20.139	32	0.00824312	0.0220139	0.0195226	0.00718462
15:07:21.139	33	0.00884523	0.022343	0.0194556	0.00758367
15:07:22.139	34	0.00956857	0.0201643	0.0188836	0.00773493
15:07:23.139	35	0.0102902	0.0195563	0.0168039	0.00724514
15:07:24.139	36	0.0106275	0.0190235	0.0155168	0.00680567
15:07:25.139	37	0.0109875	0.0188522	0.014505	0.00635301
15:07:26.139	38	0.0115237	0.018931	0.0149167	0.00666526
15:07:27.139	39	0.0119342	0.0193007	0.0150925	0.00692588
15:07:28.139	40	0.0120362	0.0196037	0.0153462	0.00708037
15:07:29.139	41	0.0126691	0.0202893	0.0157823	0.00739761
15:07:30.139	42	0.0137815	0.0208281	0.0169272	0.00789798
15:07:31.139	43	0.0142614	0.0212741	0.0177417	0.00845303
15:07:32.139	44	0.0146364	0.0214434	0.0190334	0.00900385
15:07:33.139	45	0.0154963	0.0216797	0.0197782	0.00915994
15:07:34.139	46	0.0158826	0.0220098	0.0205614	0.0097715
15:07:35.139	47	0.0166721	0.0224621	0.0212269	0.0100719
15:07:36.139	48	0.017497	0.0232754	0.0222284	0.0107591
15:07:37.139	49	0.0182396	0.0236785	0.0227244	0.0114784
15:07:38.139	50	0.0187166	0.0241473	0.0241241	0.0115725
15:07:39.139	51	0.0194457	0.0242476	0.0246139	0.0118166
15:07:40.139	52	0.0196164	0.0243604	0.0251117	0.0125092
15:07:41.139	53	0.0212009	0.024968	0.0255793	0.0127723
15:07:42.139	54	0.0217056	0.0255238	0.0258468	0.0126562
15:07:43.139	55	0.0221898	0.0262334	0.0266786	0.0132043
15:07:44.139	56	0.0232252	0.0269608	0.0273236	0.0137232
15:07:45.139	57	0.023797	0.0274385	0.0282127	0.0140165
15:07:46.139	58	0.0243944	0.0277241	0.0289911	0.0147842
15:07:47.139	59	0.0249134	0.0279579	0.0300608	0.0152823
15:07:48.139	60	0.0255475	0.0280443	0.0307331	0.0151927
15:07:49.139	61	0.0263208	0.0283567	0.0316285	0.015733
15:07:50.139	62	0.0268133	0.0288443	0.0325795	0.0163281
15:07:51.139	63	0.0278161	0.0292552	0.0331418	0.0164786
15:07:52.139	64	0.0282603	0.0294795	0.0339447	0.0171219
15:07:53.139	65	0.0288095	0.0296465	0.0353074	0.017288
15:07:54.139	66	0.0293187	0.030019	0.0359584	0.017518
15:07:55.139	67	0.0296507	0.0302141	0.0355821	0.0179277
15:07:56.139	68	0.0301594	0.0305395	0.036588	0.0183419
15:07:57.139	69	0.0306011	0.0306317	0.0370712	0.0179424
15:07:58.139	70	0.0309644	0.0308128	0.0377767	0.0184337
15:07:59.139	71	0.0312469	0.031029	0.0381079	0.0186236
15:08:00.139	72	0.0321833	0.0311239	0.0381724	0.0188977
15:08:01.139	73	0.0328217	0.0311372	0.0386497	0.0191626
15:08:02.139	74	0.0330808	0.0314798	0.0380486	0.0191865
15:08:03.139	75	0.0338702	0.031659	0.0373258	0.0186639
15:08:04.139	76	0.0345719	0.0319852	0.0370736	0.0184733
15:08:05.139	77	0.0353598	0.0323103	0.0356621	0.018252
15:08:06.139	78	0.035727	0.0328312	0.034934	0.0181837
15:08:07.139	79	0.0358256	0.0329577	0.0347783	0.0180092
15:08:08.139	80	0.0369483	0.0330047	0.0348972	0.0184265
15:08:09.139	81	0.0368789	0.0329459	0.0352209	0.0182287
15:08:10.139	82	0.0375753	0.032903	0.0359126	0.0184796
15:08:11.139	83	0.0379884	0.0331277	0.0361001	0.0187336
15:08:12.139	84	0.0390027	0.0324266	0.0362859	0.0188208
15:08:13.139	85	0.0392252	0.0324943	0.0366913	0.0186726
15:08:14.139	86	0.03989	0.0327044	0.037561	0.019025
15:08:15.139	87	0.0407957	0.0330204	0.0379748	0.0194922
15:08:16.139	88	0.0409586	0.033267	0.0387147	0.0195959
15:08:17.139	89	0.0413761	0.0336258	0.039138	0.0197449
15:08:18.139	90	0.0420951	0.0338431	0.0396112	0.0199855
15:08:19.139	91	0.0420612	0.0340606	0.0402442	0.019962
15:08:20.139	92	0.0427966	0.034428	0.040273	0.0198896
15:08:21.139	93	0.0435211	0.0348715	0.0410429	0.02026	F1
15:08:22.139	94	-0.0285264	0.0229691	0.0412366	0.020783
15:08:23.139	95	-0.0479899	0.0254705	0.0405981	0.0209798	F1
15:08:24.139	96	-0.124407	0.0266568	0.0407681	0.0213387
15:08:25.139	97	-0.151368	0.0270123	0.040907	0.0206042
15:08:26.139	98	-0.21744	0.0267263	0.0408428	0.0208117	F1
15:08:27.139	99	-0.282549	0.0262597	0.0461431	-0.0457046
15:08:28.139	100	-0.332479	0.0244184	0.060666	-0.226059	F1
15:08:29.139	101	-0.361694	0.0247925	0.0652515	-0.382409
15:08:30.139	102	-0.369238	0.0242669	0.064969	-0.470325
15:08:31.139	103	-0.352266	0.0239182	0.0635936	-0.507817
15:08:32.139	104	-0.32123	0.0238705	0.0633414	-0.459712
15:08:33.139	105	-0.285231	0.0233127	0.0630585	-0.365824
15:08:34.139	106	-0.260562	0.0235749	0.0626444	-0.270223
15:08:35.139	107	-0.304281	0.0234068	0.0618808	-0.205475
15:08:36.139	108	-0.460409	0.0236108	0.0614642	-0.201499
15:08:37.139	109	-0.642377	0.0238407	0.0615546	-0.31791
15:08:38.139	110	-0.688414	0.0238542	0.0603985	-0.597007
15:08:39.139	111	-0.700777	0.0235405	0.0599086	-0.885251
15:08:40.139	112	-0.699914	0.0232187	0.0589182	-0.988029
15:08:41.139	113	-0.70279	0.0231211	0.0582224	-0.983211
15:08:42.139	114	-0.70511	0.0237582	0.0581337	-0.985247
15:08:43.139	115	-0.703078	0.0239259	0.0576753	-0.995135
15:08:44.139	116	-0.696505	0.0240488	0.05625	-1.00412
15:08:45.139	117	-0.686254	0.02396	0.0559786	-1.01455
15:08:46.139	118	-0.676275	0.0243111	0.0557893	-1.02822
15:08:47.139	119	-0.670928	0.0244888	0.0565461	-1.03427
15:08:48.139	120	-0.669302	0.0245359	0.0593262	-1.02989
15:08:49.139	121	-0.668136	0.0249461	0.0682492	-1.00683
15:08:50.139	122	-0.663776	0.0258685	0.0920487	-0.966206
15:08:51.139	123	-0.652604	0.0269471	0.122688	-0.923276
15:08:52.139	124	-0.633128	0.0324805	0.157136	-0.876555
15:08:53.139	125	-0.616123	0.0416856	0.193835	-0.828758
15:08:54.139	126	-0.601887	0.0512652	0.2407	-0.772622
15:08:55.139	127	-0.589463	0.0594796	0.325076	-0.686564
15:08:56.139	128	-0.580506	0.0659501	0.389626	-0.618116
15:08:57.139	129	-0.573214	0.0715408	0.409565	-0.586231
15:08:58.139	130	-0.565744	0.07618	0.426716	-0.554487
15:08:59.139	131	-0.558959	0.0799922	0.426448	-0.535577
15:09:00.139	132	-0.550213	0.0840822	0.403525	-0.514039
15:09:01.139	133	-0.540643	0.0860322	0.299368	-0.495088
15:09:02.139	134	-0.532075	0.0783422	-0.00368954	-0.482923
15:09:03.139	135	-0.52305	0.0498256	-0.358649	-0.469674
15:09:04.139	136	-0.515992	-0.00746675	-0.407479	-0.458158
15:09:05.139	137	-0.505973	-0.166046	-0.343256	-0.445319
15:09:06.139	138	-0.494841	-0.436854	-0.298032	-0.42044
15:09:07.139	139	-0.480389	-0.660433	-0.254635	-0.378529
15:09:08.139	140	-0.457995	-0.688557	-0.19512	-0.310592
15:09:09.139	141	-0.434776	-0.634129	-0.163772	-0.267671
15:09:10.139	142	-0.415658	-0.607274	-0.151576	-0.244271
15:09:11.139	143	-0.394694	-0.590792	-0.133953	-0.220277
15:09:12.139	144	-0.369679	-0.574906	-0.120555	-0.203004
15:09:13.139	145	-0.350605	-0.564693	-0.0934604	-0.170895
15:09:14.139	146	-0.338378	-0.560876	-0.0659598	-0.137753
15:09:15.139	147	-0.327235	-0.555851	-0.0885938	-0.153597
15:09:16.139	148	-0.317774	-0.549973	-0.0954152	-0.15468
15:09:17.139	149	-0.30871	-0.543322	-0.099459	-0.152076
15:09:18.139	150	-0.298473	-0.534882	-0.101955	-0.149792
15:09:19.139	151	-0.290208	-0.526843	-0.105273	-0.149525
15:09:20.139	152	-0.283038	-0.519184	-0.108094	-0.148942
15:09:21.139	153	-0.276069	-0.511009	-0.111207	-0.148384
15:09:22.139	154	-0.268381	-0.501646	-0.114395	-0.14842
15:09:23.139	155	-0.263099	-0.494	-0.117878	-0.148829
15:09:24.139	156	-0.258851	-0.487696	-0.121162	-0.149139
15:09:25.139	157	-0.256123	-0.483001	-0.124488	-0.149807
15:09:26.139	158	-0.254305	-0.479534	-0.129143	-0.150629
15:09:27.139	159	-0.252891	-0.475841	-0.133713	-0.151463
15:09:28.139	160	-0.251422	-0.471814	-0.138652	-0.152519
15:09:29.139	161	-0.249626	-0.468161	-0.144084	-0.152971
15:09:30.139	162	-0.247743	-0.463749	-0.150196	-0.153084
15:09:31.139	163	-0.245669	-0.459089	-0.156107	-0.153258
15:09:32.139	164	-0.244114	-0.454511	-0.159806	-0.15283
15:09:33.139	165	-0.242573	-0.449861	-0.160924	-0.152517
15:09:34.139	166	-0.241118	-0.4449	-0.162956	-0.152678
15:09:35.139	167	-0.239774	-0.440243	-0.165786	-0.153432
15:09:36.139	168	-0.238319	-0.435272	-0.169419	-0.154463
15:09:37.139	169	-0.237108	-0.430244	-0.173456	-0.156297
15:09:38.139	170	-0.235555	-0.424971	-0.178238	-0.158505
15:09:39.139	171	-0.233859	-0.41953	-0.183474	-0.161584
15:09:40.139	172	-0.232265	-0.413566	-0.188381	-0.164853
15:09:41.139	173	-0.230743	-0.408587	-0.193571	-0.168602
15:09:42.139	174	-0.229481	-0.403209	-0.198974	-0.173617
15:09:43.139	175	-0.228043	-0.397567	-0.204566	-0.178586
15:09:44.139	176	-0.227016	-0.392477	-0.210377	-0.183828
15:09:45.139	177	-0.226502	-0.386671	-0.21689	-0.189473
15:09:46.139	178	-0.225591	-0.379737	-0.223278	-0.19528
15:09:47.139	179	-0.224695	-0.371487	-0.230103	-0.201206
15:09:48.139	180	-0.223748	-0.362213	-0.236916	-0.207566
15:09:49.139	181	-0.223658	-0.355683	-0.244459	-0.213163
15:09:50.139	182	-0.224035	-0.35019	-0.25172	-0.219348
15:09:51.139	183	-0.225072	-0.343195	-0.259972	-0.225056
15:09:52.139	184	-0.225736	-0.334919	-0.267749	-0.231247
15:09:53.139	185	-0.226647	-0.325474	-0.275585	-0.237172
15:09:54.139	186	-0.22753	-0.314955	-0.282977	-0.242929
15:09:55.139	187	-0.228778	-0.303403	-0.289986	-0.248393
15:09:56.139	188	-0.229782	-0.289515	-0.297101	-0.25439
15:09:57.139	189	-0.230918	-0.275127	-0.305189	-0.260101
15:09:58.139	190	-0.232342	-0.260129	-0.312056	-0.26618
15:09:59.139	191	-0.233585	-0.244382	-0.319317	-0.271749
15:10:00.139	192	-0.235127	-0.22823	-0.326134	-0.276952
15:10:01.139	193	-0.236621	-0.211809	-0.333277	-0.282658
15:10:02.139	194	-0.238147	-0.194708	-0.339706	-0.287646
15:10:03.139	195	-0.23971	-0.178218	-0.346416	-0.292343
15:10:04.139	196	-0.241514	-0.162244	-0.352275	-0.296758
15:10:05.139	197	-0.242722	-0.147889	-0.357555	-0.301549
15:10:06.139	198	-0.244616	-0.133617	-0.361494	-0.305911
15:10:07.139	199	-0.246426	-0.120785	-0.365931	-0.310616
15:10:08.139	200	-0.2479	-0.109485	-0.370412	-0.314191
15:10:09.139	201	-0.2492	-0.0982519	-0.373767	-0.318344
15:10:10.139	202	-0.250478	-0.0881638	-0.37651	-0.322319
15:10:11.139	203	-0.25162	-0.0792943	-0.378724	-0.326324
15:10:12.139	204	-0.252487	-0.0706662	-0.380418	-0.330034
15:10:13.139	205	-0.254056	-0.063477	-0.382116	-0.333892
15:10:14.139	206	-0.255173	-0.0569535	-0.382524	-0.337307
15:10:15.139	207	-0.256676	-0.051864	-0.382416	-0.340552
15:10:16.139	208	-0.258114	-0.0478251	-0.381166	-0.344021
15:10:17.139	209	-0.259733	-0.0448659	-0.379431	-0.347063
15:10:18.139	210	-0.261325	-0.0420078	-0.377546	-0.350228
15:10:19.139	211	-0.262206	-0.0398449	-0.374543	-0.352497
15:10:20.139	212	-0.263966	-0.0380588	-0.371201	-0.35519
15:10:21.139	213	-0.265107	-0.0363015	-0.367592	-0.358025
15:10:22.139	214	-0.266426	-0.0348939	-0.362642	-0.36061
15:10:23.139	215	-0.268029	-0.0341042	-0.35788	-0.363558
15:10:24.139	216	-0.2694	-0.0339428	-0.351623	-0.366247
15:10:25.139	217	-0.271167	-0.0352121	-0.331835	-0.368733
15:10:26.139	218	-0.272843	-0.0351118	-0.2786	-0.371694
15:10:27.139	219	-0.273744	-0.0340043	-0.289372	-0.3742
15:10:28.139	220	-0.274557	-0.0327751	-0.233578	-0.376722
15:10:29.139	221	-0.275516	-0.0320865	-0.238593	-0.378595
15:10:30.139	222	-0.276203	-0.0311118	-0.22438	-0.38052
15:10:31.139	223	-0.277111	-0.0309158	-0.218914	-0.381996
15:10:32.139	224	-0.278313	-0.0301052	-0.22883	-0.383671
15:10:33.139	225	-0.278529	-0.0294808	-0.221002	-0.385088
15:10:34.139	226	-0.278273	-0.0289379	-0.187429	-0.387023
15:10:35.139	227	-0.278563	-0.0282509	-0.167178	-0.38874
15:10:36.139	228	-0.278488	-0.0275738	-0.157342	-0.390253
15:10:37.139	229	-0.278519	-0.0271518	-0.163386	-0.391656
15:10:38.139	230	-0.278557	-0.0272758	-0.151762	-0.393196
15:10:39.139	231	-0.278317	-0.0274152	-0.13617	-0.394032
15:10:40.139	232	-0.277715	-0.027512	-0.115959	-0.394847
15:10:41.139	233	-0.277665	-0.0277647	-0.134714	-0.395973
15:10:42.139	234	-0.277564	-0.0284829	-0.130373	-0.39669
15:10:43.139	235	-0.27768	-0.0289191	-0.130426	-0.397569
15:10:44.139	236	-0.278432	-0.0304405	-0.112558	-0.398454
15:10:45.139	237	-0.279473	-0.0325574	-0.105001	-0.399582
15:10:46.139	238	-0.280704	-0.0347982	-0.0898132	-0.400728
15:10:47.139	239	-0.281567	-0.0369421	-0.0858366	-0.402259
15:10:48.139	240	-0.281802	-0.0377356	-0.0643291	-0.403725
15:10:49.139	241	-0.282594	-0.0389473	-0.0606	-0.404789
15:10:50.139	242	-0.282798	-0.0395133	-0.0503188	-0.405898
15:10:51.139	243	-0.28232	-0.0401171	-0.0421205	-0.406613
15:10:52.139	244	-0.281513	-0.0407111	-0.0320009	-0.406975
15:10:53.139	245	-0.280644	-0.0409892	-0.0268907	-0.407669
15:10:54.139	246	-0.279385	-0.0412325	-0.0203816	-0.40846
15:10:55.139	247	-0.278403	-0.041726	-0.0155041	-0.40935
15:10:56.139	248	-0.2769	-0.0418986	-0.0135662	-0.409713
15:10:57.139	249	-0.275904	-0.0421729	-0.011091	-0.410075
15:10:58.139	250	-0.275195	-0.0423244	-0.0105274	-0.410156
15:10:59.139	251	-0.273844	-0.0423766	-0.00761603	-0.410589
15:11:00.139	252	-0.272504	-0.0430635	-0.00445478	-0.410887
15:11:01.139	253	-0.271254	-0.0437825	-0.0013023	-0.410941
15:11:02.139	254	-0.270425	-0.0442597	0.00108111	-0.411094
15:11:03.139	255	-0.268892	-0.0447606	0.00345394	-0.411522
15:11:04.139	256	-0.267813	-0.0477659	0.00625531	-0.411955
15:11:05.139	257	-0.268312	-0.0572076	0.00828167	-0.411565
15:11:06.139	258	-0.267513	-0.0580349	0.00934043	-0.411234
15:11:07.139	259	-0.266366	-0.0587524	0.0093594	-0.411309
15:11:08.139	260	-0.265112	-0.0592576	0.00797276	-0.411614
15:11:09.139	261	-0.263846	-0.0600049	0.00871282	-0.411836
15:11:10.139	262	-0.262634	-0.060524	0.0102358	-0.411517
15:11:11.139	263	-0.26122	-0.0607415	0.0103886	-0.410998
15:11:12.139	264	-0.26005	-0.0618416	0.00975911	-0.411104
15:11:13.139	265	-0.258959	-0.0625694	0.00938206	-0.410851
15:11:14.139	266	-0.257979	-0.0633799	0.00814281	-0.410295
15:11:15.139	267	-0.256737	-0.0642923	0.00687928	-0.4103
15:11:16.139	268	-0.255867	-0.0655449	0.00618882	-0.410237
15:11:17.139	269	-0.254567	-0.0663656	0.00365352	-0.409487
15:11:18.139	270	-0.253521	-0.0670423	0.00403144	-0.409343
15:11:19.139	271	-0.252723	-0.0679966	0.00348999	-0.408821
15:11:20.139	272	-0.251677	-0.0691085	0.00258312	-0.408543
15:11:21.139	273	-0.250438	-0.0699238	0.00213439	-0.407982
15:11:22.139	274	-0.249741	-0.070546	0.00239286	-0.407071
15:11:23.139	275	-0.248911	-0.0713863	0.00260686	-0.406603
15:11:24.139	276	-0.248104	-0.0727353	0.00150638	-0.405922
15:11:25.139	277	-0.247101	-0.073482	0.000969254	-0.405482
15:11:26.139	278	-0.245993	-0.0748032	0.00121372	-0.40563
15:11:27.139	279	-0.245287	-0.0754649	0.000786906	-0.405401
15:11:28.139	280	-0.244351	-0.0762994	0.000174912	-0.404804
15:11:29.139	281	-0.243735	-0.077657	0.000354655	-0.404478
15:11:30.139	282	-0.242863	-0.078549	0.00052739	-0.403909
15:11:31.139	283	-0.242063	-0.0794664	0.000509349	-0.402987
15:11:32.139	284	-0.241608	-0.0805721	0.000814406	-0.402414
15:11:33.139	285	-0.241136	-0.0819099	0.000710638	-0.401651
15:11:34.139	286	-0.240059	-0.0834383	0.00165474	-0.401228
15:11:35.139	287	-0.239275	-0.0850793	0.000838124	-0.401333
15:11:36.139	288	-0.238282	-0.0860486	1.98031e-07	-0.401206
15:11:37.139	289	-0.237628	-0.0871641	0.000123442	-0.401306
15:11:38.139	290	-0.236946	-0.0882248	-0.000554736	-0.400969
15:11:39.139	291	-0.235617	-0.0887452	-0.000933274	-0.400894
15:11:40.139	292	-0.234746	-0.0896792	-0.0018813	-0.400821
15:11:41.139	293	-0.23406	-0.0909026	-0.00249892	-0.400714
15:11:42.139	294	-0.233243	-0.0918949	-0.00213324	-0.400583
15:11:43.139	295	-0.232304	-0.0926874	-0.00276211	-0.399725
15:11:44.139	296	-0.231628	-0.0936316	-0.00369812	-0.399068
15:11:45.139	297	-0.23064	-0.0946782	-0.00471983	-0.398402
15:11:46.139	298	-0.229964	-0.0958745	-0.00481074	-0.397208
15:11:47.139	299	-0.229681	-0.0968592	-0.00510746	-0.396675
15:11:48.139	300	-0.229054	-0.097954	-0.00488091	-0.395825
15:11:49.139	301	-0.228309	-0.0987568	-0.00503607	-0.394967
15:11:50.139	302	-0.227574	-0.0998071	-0.00665896	-0.394535
15:11:51.139	303	-0.227031	-0.100556	-0.00687657	-0.393914
15:11:52.139	304	-0.226378	-0.101723	-0.00848252	-0.39375
15:11:53.139	305	-0.225901	-0.103231	-0.00988742	-0.392952
15:11:54.139	306	-0.225138	-0.104132	-0.0108652	-0.392671
15:11:55.139	307	-0.224679	-0.105267	-0.0120097	-0.392049
15:11:56.139	308	-0.224027	-0.106231	-0.0126132	-0.39153
15:11:57.139	309	-0.222977	-0.107122	-0.0143886	-0.390921
15:11:58.139	310	-0.222512	-0.108022	-0.0160861	-0.390397
15:11:59.139	311	-0.222161	-0.109583	-0.0171345	-0.390399
15:12:00.139	312	-0.221611	-0.110866	-0.0163989	-0.390033
15:12:01.139	313	-0.221489	-0.112149	-0.0171461	-0.388877
15:12:02.139	314	-0.221001	-0.113235	-0.0167302	-0.388582
15:12:03.139	315	-0.220602	-0.114471	-0.0136156	-0.387915
15:12:04.139	316	-0.220211	-0.115758	-0.00801068	-0.387599
15:12:05.139	317	-0.219826	-0.117427	-0.0114469	-0.387223
15:12:06.139	318	-0.219145	-0.118799	-0.00786889	-0.386398
15:12:07.139	319	-0.218908	-0.120097	-0.00337171	-0.385823
15:12:08.139	320	-0.218577	-0.121673	-0.00308183	-0.38501
15:12:09.139	321	-0.218602	-0.123431	-0.00195302	-0.384227
15:12:10.139	322	-0.218563	-0.124957	-0.00178007	-0.383628
15:12:11.139	323	-0.218512	-0.126481	-0.000812722	-0.382994
15:12:12.139	324	-0.218045	-0.127806	-0.000239757	-0.3824
15:12:13.139	325	-0.217647	-0.129254	-0.000278112	-0.381682
15:12:14.139	326	-0.217834	-0.130334	-0.000524972	-0.380859
15:12:15.139	327	-0.217629	-0.132	-0.00152049	-0.379803
15:12:16.139	328	-0.217301	-0.133343	-0.00108986	-0.37923
15:12:17.139	329	-0.216915	-0.134712	-0.0012537	-0.378544
15:12:18.139	330	-0.216832	-0.136083	-0.00254672	-0.377861
15:12:19.139	331	-0.216916	-0.137149	-0.00250634	-0.377355
15:12:20.139	332	-0.217014	-0.138589	-0.00408096	-0.376649
15:12:21.139	333	-0.216746	-0.139607	-0.00544594	-0.376201
15:12:22.139	334	-0.21679	-0.14088	-0.0076119	-0.376186
15:12:23.139	335	-0.21613	-0.142031	-0.0124841	-0.3769
15:12:24.139	336	-0.215711	-0.142869	-0.0125518	-0.377022
15:12:25.139	337	-0.215392	-0.143999	-0.0145434	-0.37731
15:12:26.139	338	-0.214959	-0.144994	-0.0154442	-0.377214
15:12:27.139	339	-0.215335	-0.146209	-0.0157894	-0.376987
15:12:28.139	340	-0.215302	-0.14705	-0.0183825	-0.376507
15:12:29.139	341	-0.214994	-0.147933	-0.0160636	-0.376167
15:12:30.139	342	-0.215021	-0.148817	-0.0131617	-0.375582
15:12:31.139	343	-0.214798	-0.150015	-0.0143865	-0.374972
15:12:32.139	344	-0.214339	-0.151204	-0.0116001	-0.37424
15:12:33.139	345	-0.214095	-0.151943	-0.0173454	-0.373944
15:12:34.139	346	-0.213734	-0.152637	-0.0132843	-0.373502
15:12:35.139	347	-0.213914	-0.153644	-0.00891207	-0.37306
15:12:36.139	348	-0.21457	-0.154529	-0.0133215	-0.372694
15:12:37.139	349	-0.214657	-0.155895	-0.0108207	-0.372299
15:12:38.139	350	-0.214514	-0.156798	-0.0162391	-0.372064
15:12:39.139	351	-0.214018	-0.158015	-0.0167513	-0.371292
15:12:40.139	352	-0.213587	-0.158885	-0.0180131	-0.370743
15:12:41.139	353	-0.213136	-0.159973	-0.0177857	-0.370444
15:12:42.139	354	-0.213045	-0.161025	-0.0191766	-0.369726
15:12:43.139	355	-0.212832	-0.161932	-0.017361	-0.369566
15:12:44.139	356	-0.212436	-0.1629	-0.0163568	-0.369232
15:12:45.139	357	-0.212178	-0.163538	-0.0195538	-0.369012
15:12:46.139	358	-0.211558	-0.164166	-0.0164311	-0.368665
15:12:47.139	359	-0.211369	-0.164675	-0.020242	-0.367998
15:12:48.139	360	-0.211515	-0.165274	-0.0216746	-0.367461
15:12:49.139	361	-0.211407	-0.166098	-0.0226042	-0.366851
15:12:50.139	362	-0.211082	-0.16665	-0.0199609	-0.366723
15:12:51.139	363	-0.210976	-0.167246	-0.0194584	-0.366384
15:12:52.139	364	-0.211249	-0.168039	-0.0204768	-0.365563
15:12:53.139	365	-0.210977	-0.168779	-0.022935	-0.365016
15:12:54.139	366	-0.210818	-0.169538	-0.0219069	-0.364545
15:12:55.139	367	-0.210979	-0.169964	-0.0223254	-0.364337
15:12:56.139	368	-0.211115	-0.170429	-0.0230702	-0.363885
15:12:57.139	369	-0.210897	-0.171106	-0.0263053	-0.363844
15:12:58.139	370	-0.21076	-0.171769	-0.0269701	-0.363698
15:12:59.139	371	-0.210567	-0.172055	-0.025663	-0.363
15:13:00.139	372	-0.210369	-0.173128	-0.02561	-0.362793
15:13:01.139	373	-0.210262	-0.173582	-0.0283584	-0.362567
15:13:02.139	374	-0.210132	-0.17405	-0.0266833	-0.362095
15:13:03.139	375	-0.210024	-0.174369	-0.0278745	-0.361838
15:13:04.139	376	-0.209956	-0.175041	-0.0280422	-0.361454
15:13:05.139	377	-0.210038	-0.175346	-0.0265814	-0.360927
15:13:06.139	378	-0.210222	-0.175652	-0.0243988	-0.360334
15:13:07.139	379	-0.210278	-0.17589	-0.0254538	-0.359997
15:13:08.139	380	-0.210114	-0.176325	-0.0318404	-0.359609
15:13:09.139	381	-0.20999	-0.176757	-0.0321575	-0.359308
15:13:10.139	382	-0.210098	-0.176785	-0.0329325	-0.359041
15:13:11.139	383	-0.21002	-0.176914	-0.0330585	-0.358767
15:13:12.139	384	-0.210344	-0.177101	-0.0329474	-0.358242
15:13:13.139	385	-0.21117	-0.177879	-0.0334979	-0.358052
15:13:14.139	386	-0.211883	-0.178069	-0.0338847	-0.35822
