TimeOfDay	Time	E1_L08.1CG_Col0	E2_L13.1	E3_L08.2CG_mutant	E4_L13.2
15:19:44.953	0	-0.00262121	-0.00162221	0.0112012	-0.00269439
15:19:45.953	1	-0.00337562	-0.00222326	0.0105645	-0.00252463
15:19:46.953	2	-0.00359069	-0.00278142	0.0108854	-0.00291955
15:19:47.953	3	-0.00361001	-0.00328386	0.0104922	-0.00260786
15:19:48.953	4	-0.0031979	-0.00332845	0.0106699	-0.00197014
15:19:49.953	5	-0.00341552	-0.00304257	0.0109177	-0.00141689
15:19:50.953	6	-0.00304323	-0.00287183	0.0109655	-0.00083547
15:19:51.953	7	-0.00289606	-0.00295509	0.0115918	-0.000911877
15:19:52.953	8	-0.00304111	-0.00308916	0.0122655	-0.00244513
15:19:53.953	9	-0.00287296	-0.00358806	0.0123734	-0.00466735
15:19:54.953	10	-0.00311356	-0.0038576	0.012381	-0.00584983
15:19:55.953	11	-0.00281228	-0.00442229	0.0122865	-0.0106046
15:19:56.953	12	-0.00333133	-0.0050822	0.0119422	-0.0108124
15:19:57.953	13	-0.00304663	-0.00546622	0.0121097	-0.0108231
15:19:58.953	14	-0.00300918	-0.00608491	0.0124221	-0.0106932
15:19:59.953	15	-0.00280437	-0.0068107	0.012487	-0.0100871
15:20:00.953	16	-0.00309234	-0.00654395	0.0132475	-0.00898539
15:20:01.953	17	-0.00241675	-0.00622164	0.0128747	-0.00838631
15:20:02.953	18	-0.00156314	-0.00552361	0.0134689	-0.00819947
15:20:03.953	19	-0.00114329	-0.00463871	0.0140206	-0.00801228
15:20:04.953	20	-0.000843596	-0.003982	0.0135745	-0.00815819
15:20:05.953	21	-0.000333804	-0.00270425	0.0135245	-0.0080713
15:20:06.953	22	-0.00019681	-0.00222165	0.0132403	-0.00749606
15:20:07.953	23	0.000623556	-0.00120633	0.0123456	-0.00706999
15:20:08.953	24	0.00094947	5.62763e-05	0.0121924	-0.00640508
15:20:09.953	25	0.00207582	0.000661897	0.0118571	-0.00596256
15:20:10.953	26	0.00287288	0.00170855	0.00646414	-0.00581574
15:20:11.953	27	0.00300735	0.00243519	0.00629079	-0.00537669
15:20:12.953	28	0.00418823	0.00433968	0.00644726	-0.00495202
15:20:13.953	29	0.00455376	0.00532095	0.00687181	-0.004753
15:20:14.953	30	0.0049904	0.0056807	0.007254	-0.0046179
15:20:15.953	31	0.00502617	0.00618772	0.00857359	-0.0042657
15:20:16.953	32	0.00549798	0.00650049	0.00911754	-0.00419038
15:20:17.953	33	0.00594413	0.00702242	0.0094792	-0.00381326
15:20:18.953	34	0.0057138	0.00744084	0.010467	-0.00354625
15:20:19.953	35	0.00621858	0.00844286	0.0105279	-0.0031897
15:20:20.953	36	0.00675871	0.0088518	0.0104246	-0.002833
15:20:21.953	37	0.0065224	0.00913884	0.0101049	-0.00214015
15:20:22.953	38	0.00727587	0.00975241	0.010327	-0.00217103
15:20:23.953	39	0.00726027	0.00970031	0.0101941	-0.00165974
15:20:24.953	40	0.00735617	0.00968866	0.0101215	-0.00153024
15:20:25.953	41	0.00715783	0.0102581	0.0102397	-0.00135201
15:20:26.953	42	0.00706556	0.00974234	0.0103491	-0.00155569
15:20:27.953	43	0.00680894	0.00933568	0.0103219	-0.00188082
15:20:28.953	44	0.00611594	0.00916437	0.0106531	-0.00142421
15:20:29.953	45	0.00649275	0.00903917	0.0105101	-0.000921286
15:20:30.953	46	0.00652838	0.00952255	0.0109084	-0.000476973
15:20:31.953	47	0.00718936	0.00927685	0.0109759	-0.000359339
15:20:32.953	48	0.0076737	0.00942862	0.0111876	-3.94233e-05
15:20:33.953	49	0.00849558	0.00935508	0.0112073	-0.000109389
15:20:34.953	50	0.0088399	0.00956324	0.0115192	-4.29502e-06
15:20:35.953	51	0.00913995	0.00969708	0.0112614	-0.000215458
15:20:36.953	52	0.00925327	0.00982763	0.0105678	-7.2334e-05
15:20:37.953	53	0.0082253	0.00877691	0.00957155	0.000173816
15:20:38.953	54	0.00762606	0.00799915	0.00914136	0.000172902
15:20:39.953	55	0.00807415	0.00655908	0.00825461	-0.000838808
15:20:40.953	56	0.00653744	0.00419094	0.00768584	-0.00143508
15:20:41.953	57	0.00379866	0.00247078	0.00656797	-0.00171717
15:20:42.953	58	0.000732314	0.00114345	0.00586985	-0.00221351
15:20:43.953	59	-0.000467141	0.000662433	0.00607105	-0.00271885
15:20:44.953	60	-0.00110667	0.000880372	0.00654191	-0.00321448
15:20:45.953	61	-0.00112905	0.000579147	0.00732198	-0.00319416
15:20:46.953	62	-0.00118569	0.00116418	0.00743498	-0.00307001
15:20:47.953	63	-0.000283143	0.00189196	0.0070007	-0.00320432
15:20:48.953	64	0.000276232	0.00230929	0.0064906	-0.00336117
15:20:49.953	65	0.00177917	0.00223703	0.00619197	-0.00373579
15:20:50.953	66	0.00273113	0.00175301	0.00695187	-0.00484083
15:20:51.953	67	0.00330172	0.00159281	0.00704581	-0.00497998
15:20:52.953	68	0.00273307	0.00126366	0.00805585	-0.0052798
15:20:53.953	69	0.00389206	0.0007578	0.00828513	-0.00593189
15:20:54.953	70	0.00457496	0.00040171	0.00831031	-0.00648045
15:20:55.953	71	0.00523524	0.000464499	0.00814761	-0.00805366
15:20:56.953	72	0.00641349	8.12072e-05	0.00769438	-0.00847367
15:20:57.953	73	0.00711378	0.000385589	0.00815549	-0.00884065
15:20:58.953	74	0.00748969	0.000267789	0.00830334	-0.00823279
15:20:59.953	75	0.0080388	0.000383017	0.00922226	-0.00796865
15:21:00.953	76	0.00743572	0.000293095	0.00921165	-0.0113557
15:21:01.953	77	0.00758967	-0.000703361	0.00906579	-0.0128537
15:21:02.953	78	0.007823	-0.000738005	0.00865804	-0.0145493
15:21:03.953	79	0.00800148	-0.00101643	0.00844998	-0.0154172
15:21:04.953	80	0.00881404	-0.000537813	0.00877576	-0.0157037
15:21:05.953	81	0.00936267	-0.000433465	0.00934879	-0.0152263
15:21:06.953	82	0.00992275	-0.000129669	0.0100548	-0.014648
15:21:07.953	83	0.010755	-0.000266665	0.0106323	-0.0144804
15:21:08.953	84	0.0118125	-0.000107528	0.0116563	-0.0136838
15:21:09.953	85	0.0120722	0.000228243	0.012571	-0.0130748
15:21:10.953	86	0.0128939	-0.000340641	0.014023	-0.0126785
15:21:11.953	87	0.0131695	-0.000514509	0.0149417	-0.0120516
15:21:12.953	88	0.0140752	-0.000649672	0.0158384	-0.0118846
15:21:13.953	89	0.0149688	-0.00151738	0.016142	-0.0112117
15:21:14.953	90	0.0158292	-0.00203269	0.0169112	-0.0109612
15:21:15.953	91	0.0167321	-0.00337581	0.0175188	-0.010424
15:21:16.953	92	0.0174845	-0.00392238	0.0181302	-0.0106858
15:21:17.953	93	0.0171164	-0.00541064	0.01846	-0.0105741
15:21:18.953	94	0.0171745	-0.00557142	0.0194031	-0.0103072	F1
15:21:19.953	95	0.232174	-0.00585482	0.0192002	-0.010546
15:21:20.953	96	0.310927	0.0254805	0.0191396	-0.0108807
15:21:21.953	97	0.282261	0.0283637	0.0192892	-0.0107657	F1
15:21:22.953	98	-0.24916	0.0255579	0.0195605	-0.0107068
15:21:23.953	99	-0.202244	0.0254038	0.019926	-0.0104653
15:21:24.953	100	-0.126564	0.0262374	0.020312	-0.0102215
15:21:25.953	101	-0.00947039	0.0268767	0.0209176	-0.00931554
15:21:26.953	102	0.115484	0.0301389	-0.0690785	-0.00807962
15:21:27.953	103	0.214924	0.031106	-0.0396991	-0.00760531
15:21:28.953	104	0.270318	0.0324807	-0.214521	-0.00685473
15:21:29.953	105	0.279363	0.0337763	-0.141139	-0.00594292
15:21:30.953	106	0.190847	0.0331571	-0.12741	-0.0055045
15:21:31.953	107	-0.0579205	0.0317717	-0.083167	-0.00457172
15:21:32.953	108	-0.248351	0.0315494	-0.0613719	-0.00418469
15:21:33.953	109	-0.357074	0.0332703	-0.046425	-0.00358602
15:21:34.953	110	-0.422129	0.0349458	-0.0372027	-0.00332075
15:21:35.953	111	-0.427862	0.0351029	-0.0327035	-0.00305375
15:21:36.953	112	-0.424332	0.0346	-0.0305291	-0.00264277	F1
15:21:37.953	113	-0.416361	0.0342905	-0.212321	-0.00245636
15:21:38.953	114	-0.411938	0.0341553	-0.764064	0.00935076
15:21:39.953	115	-0.411302	0.0334623	-0.746906	0.00651152	F1
15:21:40.953	116	-0.41099	0.033145	-0.693855	0.00269861
15:21:41.953	117	-0.41692	0.0319271	-0.658206	0.00330304
15:21:42.953	118	-0.421714	0.0309992	-0.641086	0.00268873
15:21:43.953	119	-0.426388	0.0294197	-0.629444	0.00253261
15:21:44.953	120	-0.427801	0.0288262	-0.616343	0.00256389
15:21:45.953	121	-0.424958	0.0282597	-0.600469	0.00249521
15:21:46.953	122	-0.414734	0.0286836	-0.582213	0.00332178
15:21:47.953	123	-0.394581	0.038599	-0.562994	0.00402903
15:21:48.953	124	-0.378879	0.0551409	-0.544079	0.00407951
15:21:49.953	125	-0.36852	0.0701891	-0.533273	0.00445568
15:21:50.953	126	-0.36001	0.0832762	-0.544325	0.00402182
15:21:51.953	127	-0.352863	0.0931494	-0.584762	0.0041421
15:21:52.953	128	-0.338175	0.115983	-0.658886	0.00468747
15:21:53.953	129	-0.292529	0.177241	-0.673212	0.00517668
15:21:54.953	130	-0.202866	0.290608	-0.663504	0.00563787
15:21:55.953	131	-0.182184	0.312132	-0.656418	0.00579014
15:21:56.953	132	-0.177714	0.297794	-0.653068	0.00568427
15:21:57.953	133	-0.162517	0.279163	-0.653418	0.00626123
15:21:58.953	134	-0.145692	0.198072	-0.654928	0.00644111
15:21:59.953	135	-0.134721	-0.0371985	-0.658429	0.00629006
15:22:00.953	136	-0.134127	-0.403977	-0.663904	0.00648961
15:22:01.953	137	-0.132738	-0.540793	-0.664845	0.00697904
15:22:02.953	138	-0.128921	-0.507176	-0.658082	0.00851086
15:22:03.953	139	-0.123457	-0.47919	-0.639846	0.014811
15:22:04.953	140	-0.118643	-0.46644	-0.613932	0.0320261
15:22:05.953	141	-0.112094	-0.461414	-0.589272	0.053404
15:22:06.953	142	-0.104461	-0.457753	-0.556939	0.0840457
15:22:07.953	143	-0.0956448	-0.453559	-0.517854	0.120805
15:22:08.953	144	-0.0874298	-0.452089	-0.46717	0.170399
15:22:09.953	145	-0.0813253	-0.454265	-0.429562	0.208555
15:22:10.953	146	-0.0720072	-0.451019	-0.413367	0.227434
15:22:11.953	147	-0.0620623	-0.442224	-0.401517	0.244156
15:22:12.953	148	-0.0524336	-0.432944	-0.380114	0.265059
15:22:13.953	149	-0.0439403	-0.426096	-0.345461	0.283969
15:22:14.953	150	-0.0364852	-0.421254	-0.304769	0.284598
15:22:15.953	151	-0.0293111	-0.418256	-0.271168	0.211661
15:22:16.953	152	-0.0231802	-0.419845	-0.23949	0.0311336
15:22:17.953	153	-0.0184299	-0.422252	-0.201317	-0.0111093
15:22:18.953	154	-0.0150287	-0.423699	-0.1941	0.00554096
15:22:19.953	155	-0.010978	-0.424288	-0.189456	0.0150168
15:22:20.953	156	-0.00677836	-0.422007	-0.181368	0.0223663
15:22:21.953	157	-0.00297592	-0.419108	-0.171954	0.029009
15:22:22.953	158	0.000352754	-0.41598	-0.162063	0.0353192
15:22:23.953	159	0.00377173	-0.412916	-0.148486	0.0448023
15:22:24.953	160	0.00717606	-0.408615	-0.135997	0.0522548
15:22:25.953	161	0.0108915	-0.403919	-0.131213	0.0528817
15:22:26.953	162	0.0145805	-0.398669	-0.127422	0.0540566
15:22:27.953	163	0.0172959	-0.393745	-0.123526	0.0549833
15:22:28.953	164	0.0182762	-0.389368	-0.119995	0.0553547
15:22:29.953	165	0.0178074	-0.387005	-0.116197	0.0561525
15:22:30.953	166	0.0181775	-0.383611	-0.112329	0.0577789
15:22:31.953	167	0.0186738	-0.380284	-0.10912	0.05994
15:22:32.953	168	0.0199904	-0.376203	-0.105311	0.0626079
15:22:33.953	169	0.0214478	-0.37193	-0.101418	0.065036
15:22:34.953	170	0.0222226	-0.368108	-0.0986038	0.0671403
15:22:35.953	171	0.0234785	-0.363525	-0.0955001	0.0693139
15:22:36.953	172	0.0255985	-0.358813	-0.0927919	0.0715513
15:22:37.953	173	0.0280526	-0.354719	-0.088999	0.0737118
15:22:38.953	174	0.030557	-0.351479	-0.086071	0.0749976
15:22:39.953	175	0.0328885	-0.347695	-0.0839523	0.0761328
15:22:40.953	176	0.03562	-0.346182	-0.0815945	0.0773242
15:22:41.953	177	0.0373397	-0.343754	-0.0798679	0.0779969
15:22:42.953	178	0.0385031	-0.339953	-0.0774526	0.0784554
15:22:43.953	179	0.0398304	-0.335029	-0.0757969	0.0791223
15:22:44.953	180	0.0417477	-0.328921	-0.0738607	0.079904
15:22:45.953	181	0.0436806	-0.322228	-0.0718876	0.0810629
15:22:46.953	182	0.0447253	-0.313738	-0.0697253	0.0821712
15:22:47.953	183	0.0465144	-0.305512	-0.0678185	0.0828604
15:22:48.953	184	0.048212	-0.29434	-0.0654323	0.0837252
15:22:49.953	185	0.0488396	-0.281715	-0.0636625	0.0838672
15:22:50.953	186	0.0500372	-0.267462	-0.06219	0.0840332
15:22:51.953	187	0.050386	-0.251534	-0.0612931	0.0837463
15:22:52.953	188	0.0505655	-0.23376	-0.0594694	0.0831669
15:22:53.953	189	0.0511624	-0.215896	-0.0582909	0.0822863
15:22:54.953	190	0.0513944	-0.196609	-0.0575806	0.0811113
15:22:55.953	191	0.051935	-0.175493	-0.0569833	0.0797444
15:22:56.953	192	0.0511129	-0.154439	-0.0564865	0.0773699
15:22:57.953	193	0.0500556	-0.132909	-0.0562426	0.074887
15:22:58.953	194	0.0488062	-0.110886	-0.0564258	0.0721989
15:22:59.953	195	0.0482454	-0.0892929	-0.0568522	0.0692456
15:23:00.953	196	0.0486402	-0.0679977	-0.0570849	0.0660332
15:23:01.953	197	0.0480283	-0.0468917	-0.0584839	0.0628265
15:23:02.953	198	0.047396	-0.0262703	-0.0602459	0.0600915
15:23:03.953	199	0.0464135	-0.00674696	-0.0627039	0.0566912
15:23:04.953	200	0.0454283	0.010285	-0.0652141	0.0537232
15:23:05.953	201	0.0441567	0.0261396	-0.066289	0.0504045
15:23:06.953	202	0.0417621	0.0408533	-0.0674859	0.0470203
15:23:07.953	203	0.0395546	0.051464	-0.0689171	0.0441287
15:23:08.953	204	0.0377015	0.0588066	-0.071309	0.0413822
15:23:09.953	205	0.0355711	0.0645013	-0.073679	0.0379923
15:23:10.953	206	0.03236	0.0690028	-0.0771081	0.0334551
15:23:11.953	207	0.0286703	0.0726196	-0.0800738	0.0293446
15:23:12.953	208	0.0257815	0.075496	-0.083295	0.0258346
15:23:13.953	209	0.0228086	0.0777948	-0.0861762	0.022552
15:23:14.953	210	0.018929	0.0795987	-0.0897464	0.0195821
15:23:15.953	211	0.0168857	0.0806197	-0.0922409	0.0170463
15:23:16.953	212	0.0152495	0.0803582	-0.0946412	0.0150621
15:23:17.953	213	0.013447	0.0800365	-0.097956	0.0131038
15:23:18.953	214	0.0114743	0.0807443	-0.100939	0.0113806
15:23:19.953	215	0.00933108	0.0807175	-0.102457	0.00963269
15:23:20.953	216	0.00775094	0.0801486	-0.103654	0.00839194
15:23:21.953	217	0.00599178	0.0789284	-0.105682	0.00714822
15:23:22.953	218	0.00423685	0.0766273	-0.107722	0.00621676
15:23:23.953	219	0.00257425	0.0746356	-0.110122	0.00541893
15:23:24.953	220	0.00168785	0.0719668	-0.112498	0.00462046
15:23:25.953	221	0.000374833	0.0696639	-0.114378	0.00417931
15:23:26.953	222	-0.00111878	0.066102	-0.116214	0.00400867
15:23:27.953	223	-0.00232153	0.0629961	-0.118033	0.00421847
15:23:28.953	224	-0.00323053	0.0596708	-0.118336	0.00471805
15:23:29.953	225	-0.00467018	0.0556412	-0.12016	0.0051151
15:23:30.953	226	-0.00588584	0.0510188	-0.122128	0.00596852
15:23:31.953	227	-0.00729292	0.0462161	-0.125337	0.00678962
15:23:32.953	228	-0.00891989	0.0420455	-0.126666	0.00788566
15:23:33.953	229	-0.0106059	0.038067	-0.128549	0.00916102
15:23:34.953	230	-0.0109122	0.0342961	-0.128421	0.0109732
15:23:35.953	231	-0.012161	0.0303308	-0.130794	0.0124859
15:23:36.953	232	-0.0127443	0.0256259	-0.133034	0.0141259
15:23:37.953	233	-0.0132021	0.0224587	-0.134623	0.0163462
15:23:38.953	234	-0.0138232	0.0179994	-0.135597	0.0186078
15:23:39.953	235	-0.0152933	0.0144046	-0.136737	0.0208927
15:23:40.953	236	-0.0174539	0.0103503	-0.139577	0.0214902
15:23:41.953	237	-0.0189119	0.00561831	-0.141052	0.0240844
15:23:42.953	238	-0.0205458	0.00200776	-0.144571	0.0267659
15:23:43.953	239	-0.022616	-0.000772042	-0.145548	0.0295846
15:23:44.953	240	-0.0237969	-0.00488823	-0.146857	0.0324712
15:23:45.953	241	-0.0243071	-0.00798941	-0.147735	0.0354118
15:23:46.953	242	-0.0253487	-0.0121313	-0.148007	0.0382141
15:23:47.953	243	-0.0258612	-0.0156105	-0.148872	0.0398299
15:23:48.953	244	-0.027064	-0.0194483	-0.150644	0.0420545
15:23:49.953	245	-0.0280862	-0.0233963	-0.151161	0.0449697
15:23:50.953	246	-0.0291775	-0.027385	-0.153631	0.0471192
15:23:51.953	247	-0.0301855	-0.0314801	-0.153149	0.0493584
15:23:52.953	248	-0.0310726	-0.0345818	-0.153029	0.0515354
15:23:53.953	249	-0.0319816	-0.0380062	-0.151966	0.0533728
15:23:54.953	250	-0.032924	-0.0420684	-0.151712	0.0550794
15:23:55.953	251	-0.0337377	-0.0455533	-0.155349	0.0563166
15:23:56.953	252	-0.0343659	-0.0506475	-0.154285	0.0578956
15:23:57.953	253	-0.035478	-0.0520598	-0.151904	0.0591539
15:23:58.953	254	-0.0378524	-0.0576822	-0.151446	0.0604704
15:23:59.953	255	-0.0401073	-0.0615235	-0.152082	0.0608763
15:24:00.953	256	-0.0426152	-0.0646814	-0.151654	0.0611786
15:24:01.953	257	-0.0444168	-0.0680818	-0.14633	0.0614251
15:24:02.953	258	-0.0453595	-0.0713167	-0.142438	0.061457
15:24:03.953	259	-0.0464689	-0.0738895	-0.145536	0.0613898
15:24:04.953	260	-0.0475371	-0.0766803	-0.145696	0.0609992
15:24:05.953	261	-0.0481916	-0.0792245	-0.150004	0.0603119
15:24:06.953	262	-0.0490987	-0.0812102	-0.147855	0.0599707
15:24:07.953	263	-0.0489981	-0.0838659	-0.149654	0.0591531
15:24:08.953	264	-0.0489209	-0.0861349	-0.154433	0.0583373
15:24:09.953	265	-0.0490714	-0.088234	-0.158084	0.0573992
15:24:10.953	266	-0.049845	-0.0910114	-0.161615	0.0560613
15:24:11.953	267	-0.0512128	-0.0933485	-0.163801	0.0558062
15:24:12.953	268	-0.0530948	-0.0955947	-0.160366	0.0554963
15:24:13.953	269	-0.0544541	-0.0973989	-0.154235	0.0555119
15:24:14.953	270	-0.0555963	-0.0994455	-0.152859	0.0554952
15:24:15.953	271	-0.05565	-0.102086	-0.149249	0.0554054
15:24:16.953	272	-0.0567053	-0.104747	-0.141333	0.0552457
15:24:17.953	273	-0.0581124	-0.107321	-0.139099	0.0549076
15:24:18.953	274	-0.0594897	-0.108161	-0.153433	0.0551194
15:24:19.953	275	-0.061505	-0.110246	-0.158002	0.0551135
15:24:20.953	276	-0.06445	-0.111928	-0.16381	0.0553326
15:24:21.953	277	-0.064163	-0.113684	-0.163452	0.0557392
15:24:22.953	278	-0.0631234	-0.115159	-0.156011	0.0556237
15:24:23.953	279	-0.0625584	-0.116861	-0.142456	0.0559075
15:24:24.953	280	-0.0629959	-0.118549	-0.13857	0.0558755
15:24:25.953	281	-0.0663582	-0.122416	-0.149663	0.0533486
15:24:26.953	282	-0.0735859	-0.127171	-0.158845	0.0483154
15:24:27.953	283	-0.0750334	-0.129598	-0.166866	0.0427496
15:24:28.953	284	-0.0745586	-0.131109	-0.167469	0.0367981
15:24:29.953	285	-0.0736938	-0.132042	-0.160526	0.031707
15:24:30.953	286	-0.0724588	-0.132851	-0.172418	0.0256321
15:24:31.953	287	-0.0714404	-0.133135	-0.170478	0.0165131
15:24:32.953	288	-0.0703069	-0.133087	-0.163582	0.00558727
15:24:33.953	289	-0.0692174	-0.132501	-0.165489	-0.00771251
15:24:34.953	290	-0.0686622	-0.132854	-0.169381	-0.0212257
15:24:35.953	291	-0.0676757	-0.132003	-0.177148	-0.0313526
15:24:36.953	292	-0.0668062	-0.131834	-0.18314	-0.0407956
15:24:37.953	293	-0.0658609	-0.131918	-0.18908	-0.052407
15:24:38.953	294	-0.0645387	-0.132825	-0.19449	-0.0637633
15:24:39.953	295	-0.0644792	-0.135703	-0.195051	-0.0679474
15:24:40.953	296	-0.0643671	-0.136806	-0.19539	-0.0681207
15:24:41.953	297	-0.0631859	-0.135938	-0.196207	-0.0653037
15:24:42.953	298	-0.0616147	-0.134872	-0.19627	-0.057825
15:24:43.953	299	-0.0603175	-0.134904	-0.196121	-0.0468098
15:24:44.953	300	-0.0594521	-0.134247	-0.196248	-0.0334036
15:24:45.953	301	-0.0586029	-0.133818	-0.196052	-0.0178475
15:24:46.953	302	-0.0590428	-0.133154	-0.196216	-0.00260537
15:24:47.953	303	-0.0595058	-0.132951	-0.196468	0.0113621
15:24:48.953	304	-0.0604278	-0.133077	-0.196079	0.0245833
15:24:49.953	305	-0.0603722	-0.133964	-0.195644	0.0358658
15:24:50.953	306	-0.0603869	-0.134475	-0.195518	0.0459519
15:24:51.953	307	-0.0601473	-0.135042	-0.195212	0.0544011
15:24:52.953	308	-0.0602935	-0.135779	-0.194827	0.0606407
15:24:53.953	309	-0.0597458	-0.136076	-0.194543	0.0662143
15:24:54.953	310	-0.0586133	-0.136137	-0.194476	0.0701979
15:24:55.953	311	-0.0573153	-0.136128	-0.194357	0.073604
15:24:56.953	312	-0.0567401	-0.136901	-0.194114	0.0755759
15:24:57.953	313	-0.0564783	-0.137204	-0.193875	0.0776391
15:24:58.953	314	-0.0564407	-0.137673	-0.193713	0.07924
15:24:59.953	315	-0.0556695	-0.138316	-0.19341	0.0803902
15:25:00.953	316	-0.0553524	-0.138813	-0.193167	0.0817487
15:25:01.953	317	-0.0542653	-0.138579	-0.192921	0.0823055
15:25:02.953	318	-0.053437	-0.138536	-0.192906	0.0828749
15:25:03.953	319	-0.0522651	-0.138533	-0.192756	0.083376
15:25:04.953	320	-0.0515512	-0.137786	-0.192662	0.0833733
15:25:05.953	321	-0.0521094	-0.138527	-0.192608	0.0836328
15:25:06.953	322	-0.0539635	-0.139516	-0.192746	0.0835801
15:25:07.953	323	-0.0550903	-0.140394	-0.192578	0.0836037
15:25:08.953	324	-0.0556039	-0.141045	-0.192588	0.0834713
15:25:09.953	325	-0.0559264	-0.142325	-0.192822	0.0830031
15:25:10.953	326	-0.056213	-0.142776	-0.192794	0.0821925
15:25:11.953	327	-0.0559539	-0.143495	-0.19277	0.0811189
15:25:12.953	328	-0.0560641	-0.143954	-0.192914	0.0805359
15:25:13.953	329	-0.0557781	-0.144385	-0.193176	0.0798353
15:25:14.953	330	-0.0549328	-0.144549	-0.19322	0.0791681
15:25:15.953	331	-0.0543344	-0.143655	-0.193305	0.0782992
15:25:16.953	332	-0.0537584	-0.144194	-0.193163	0.0774755
15:25:17.953	333	-0.053143	-0.144383	-0.193052	0.0770334
15:25:18.953	334	-0.0522827	-0.144229	-0.192851	0.0761897
15:25:19.953	335	-0.0516516	-0.143942	-0.192767	0.0751854
15:25:20.953	336	-0.0507922	-0.143796	-0.192563	0.0749364
15:25:21.953	337	-0.0508985	-0.144219	-0.192456	0.0743717
15:25:22.953	338	-0.0516709	-0.144665	-0.192146	0.073431
15:25:23.953	339	-0.0518692	-0.144819	-0.191946	0.072489
15:25:24.953	340	-0.0522368	-0.145178	-0.191544	0.0720468
15:25:25.953	341	-0.0520287	-0.14483	-0.191654	0.0716462
15:25:26.953	342	-0.052616	-0.145646	-0.191701	0.0705337
15:25:27.953	343	-0.0539872	-0.146911	-0.191479	0.069961
15:25:28.953	344	-0.0634496	-0.149613	-0.191685	0.0693594
15:25:29.953	345	-0.0738555	-0.152697	-0.192174	0.0683422
15:25:30.953	346	-0.0833106	-0.155526	-0.192773	0.067451
15:25:31.953	347	-0.0860648	-0.156317	-0.193247	0.0666761
15:25:32.953	348	-0.0878234	-0.1566	-0.193367	0.0655005
15:25:33.953	349	-0.0849312	-0.156837	-0.193693	0.0651064
15:25:34.953	350	-0.0865325	-0.1573	-0.193621	0.0646385
15:25:35.953	351	-0.0844494	-0.156782	-0.193804	0.0641295
15:25:36.953	352	-0.0828285	-0.157305	-0.193892	0.0638733
15:25:37.953	353	-0.0806457	-0.157386	-0.193475	0.0637665
15:25:38.953	354	-0.0787584	-0.157908	-0.193422	0.0638452
15:25:39.953	355	-0.0773338	-0.157735	-0.193246	0.0639096
15:25:40.953	356	-0.0758981	-0.158029	-0.192943	0.0640898
15:25:41.953	357	-0.0743993	-0.15764	-0.193152	0.0644197
15:25:42.953	358	-0.074121	-0.156989	-0.193038	0.0648486
15:25:43.953	359	-0.074075	-0.156857	-0.192684	0.0656044
15:25:44.953	360	-0.074303	-0.157746	-0.192356	0.0652598
15:25:45.953	361	-0.0740028	-0.159298	-0.191957	0.0649364
15:25:46.953	362	-0.0782247	-0.162903	-0.191461	0.0652153
15:25:47.953	363	-0.0809442	-0.164758	-0.191386	0.064272
15:25:48.953	364	-0.0818731	-0.166049	-0.191104	0.0638148
15:25:49.953	365	-0.0809731	-0.167472	-0.190671	0.0632248
15:25:50.953	366	-0.0802094	-0.167601	-0.190399	0.0629086
15:25:51.953	367	-0.0793852	-0.167128	-0.190288	0.0634369
15:25:52.953	368	-0.0784268	-0.166652	-0.190015	0.063996
15:25:53.953	369	-0.0769766	-0.165674	-0.189506	0.0646349
15:25:54.953	370	-0.075817	-0.164319	-0.189003	0.065123
15:25:55.953	371	-0.0751293	-0.163468	-0.188931	0.0653848
15:25:56.953	372	-0.0745407	-0.163083	-0.189182	0.0651442
15:25:57.953	373	-0.0741641	-0.163252	-0.189453	0.0656125
15:25:58.953	374	-0.076648	-0.16371	-0.19013	0.0659011
15:25:59.953	375	-0.0789264	-0.164131	-0.190196	0.0662353
15:26:00.953	376	-0.0784076	-0.163958	-0.190517	0.0664426
15:26:01.953	377	-0.0772918	-0.163573	-0.1905	0.067106
15:26:02.953	378	-0.0761086	-0.163366	-0.190179	0.0679985
15:26:03.953	379	-0.075095	-0.163179	-0.189874	0.069249
15:26:04.953	380	-0.0740649	-0.162312	-0.189336	0.0694855
15:26:05.953	381	-0.073195	-0.162172	-0.189142	0.0699876
15:26:06.953	382	-0.0724389	-0.1618	-0.188929	0.0710319
15:26:07.953	383	-0.0714633	-0.161159	-0.188693	0.0713803
15:26:08.953	384	-0.0707375	-0.160145	-0.188473	0.0721276
15:26:09.953	385	-0.07001	-0.15941	-0.188199	0.0726473
15:26:10.953	386	-0.0686552	-0.158762	-0.188063	0.0721257
15:26:11.953	387	-0.0679385	-0.1588	-0.187967	0.0740831
15:26:12.953	388	-0.068229	-0.158441	-0.187915	0.0750492
15:26:13.953	389	-0.0696649	-0.15829	-0.187688	0.0760498
15:26:14.953	390	-0.0712457	-0.158831	-0.187676	0.0767462
15:26:15.953	391	-0.0720768	-0.159189	-0.187676	0.0773026
15:26:16.953	392	-0.072548	-0.159169	-0.18706	0.0774219
15:26:17.953	393	-0.0721869	-0.159224	-0.187109	0.0774498
15:26:18.953	394	-0.0720653	-0.159193	-0.186996	0.0775077
15:26:19.953	395	-0.0720216	-0.159564	-0.18688	0.0773693
15:26:20.953	396	-0.0719793	-0.159687	-0.186793	0.0775006
15:26:21.953	397	-0.0718462	-0.159921	-0.18681	0.0777861
15:26:22.953	398	-0.0722183	-0.15995	-0.186759	0.0786015
15:26:23.953	399	-0.0728415	-0.159932	-0.186977	0.079058
15:26:24.953	400	-0.0726047	-0.15944	-0.186823	0.0792689
15:26:25.953	401	-0.0722633	-0.159632	-0.186844	0.079289
15:26:26.953	402	-0.0720268	-0.159611	-0.186735	0.0795651
15:26:27.953	403	-0.0720348	-0.159488	-0.186607	0.0799482
15:26:28.953	404	-0.071146	-0.158894	-0.186702	0.080189
15:26:29.953	405	-0.0709555	-0.158871	-0.186486	0.0809638
15:26:30.953	406	-0.0703111	-0.158782	-0.186189	0.081375
15:26:31.953	407	-0.0702501	-0.15874	-0.185943	0.0817802
15:26:32.953	408	-0.0702408	-0.158296	-0.185832	0.082306
15:26:33.953	409	-0.0694422	-0.157587	-0.185565	0.0824915
15:26:34.953	410	-0.0693931	-0.15785	-0.185335	0.0833145
15:26:35.953	411	-0.0682523	-0.157569	-0.185128	0.0829476
15:26:36.953	412	-0.0677947	-0.157308	-0.184638	0.0841569
15:26:37.953	413	-0.0677176	-0.156583	-0.184741	0.0849148
15:26:38.953	414	-0.0672991	-0.156394	-0.185108	0.0853485
15:26:39.953	415	-0.0675674	-0.156477	-0.184998	0.0854434
15:26:40.953	416	-0.0661345	-0.155558	-0.184965	0.0853973
15:26:41.953	417	-0.0663468	-0.15629	-0.185024	0.0856542
15:26:42.953	418	-0.0661817	-0.156188	-0.184873	0.0856071
15:26:43.953	419	-0.0657577	-0.156179	-0.184526	0.086051
15:26:44.953	420	-0.0653534	-0.155924	-0.184278	0.0870191
15:26:45.953	421	-0.0650402	-0.155527	-0.184118	0.0875451
15:26:46.953	422	-0.0646202	-0.155071	-0.183963	0.0881884
15:26:47.953	423	-0.0643245	-0.154946	-0.183682	0.0890217
