TimeOfDay	Time	E1_L13.1	E2_L08.1CG_Col0	E3_L13.2	E4_L08.2CG_almt5-1
14:53:16.516	0	-0.00242745	0.00010637	-0.000526139	-0.00461155
14:53:17.516	1	-0.00230001	-0.000124012	-0.000598306	-0.00617668
14:53:18.516	2	-0.00239069	-0.000416265	-3.47589e-05	-0.00769246
14:53:19.516	3	-0.00255332	-0.00137759	0.000278684	-0.009191
14:53:20.516	4	-0.00222518	-0.0026189	-4.95008e-05	-0.0105651
14:53:21.516	5	-0.00149162	-0.00219765	-8.74868e-05	-0.0130367
14:53:22.516	6	-0.00151879	-0.00232981	-0.000690706	-0.0145614
14:53:23.516	7	-0.00161483	-0.00256334	-0.00105529	-0.0160103
14:53:24.516	8	-0.00216387	-0.00282024	-0.00104924	-0.0174512
14:53:25.516	9	-0.00199265	-0.00275007	6.51988e-05	-0.0181003
14:53:26.516	10	-0.00171964	-0.00266318	-0.000133136	-0.01879
14:53:27.516	11	-0.00158807	-0.0028032	0.000332297	-0.019521
14:53:28.516	12	-0.00158476	-0.00254571	0.00102713	-0.0198926
14:53:29.516	13	-0.00108065	-0.00236154	0.00182038	-0.0204839
14:53:30.516	14	-0.000887817	-0.00211343	0.00224352	-0.0207591
14:53:31.516	15	-0.000342082	-0.00208018	0.0027258	-0.0211044
14:53:32.516	16	9.61543e-05	-0.00192173	0.00295088	-0.0218843
14:53:33.516	17	-0.000223608	-0.00155332	0.00395953	-0.0222732
14:53:34.516	18	0.000177216	-0.00165864	0.00464337	-0.0226143
14:53:35.516	19	0.00129411	-0.00130903	0.00600851	-0.0230037
14:53:36.516	20	0.00201644	-0.00115912	0.00684632	-0.0232692
14:53:37.516	21	0.0020895	-0.000606968	0.0076961	-0.023775
14:53:38.516	22	0.00243174	-0.00079102	0.00823173	-0.0247219
14:53:39.516	23	0.00317702	-0.000495164	0.00755135	-0.0255555
14:53:40.516	24	0.00358457	-0.000471159	0.00812831	-0.0265609
14:53:41.516	25	0.00396298	-7.00952e-05	0.00848219	-0.0274862
14:53:42.516	26	0.00449166	9.71058e-05	0.00919526	-0.0279898
14:53:43.516	27	0.00490058	0.000428863	0.00987772	-0.0286771
14:53:44.516	28	0.00542236	0.000214935	0.0108383	-0.0289229
14:53:45.516	29	0.00608654	0.000469754	0.0119456	-0.0294465
14:53:46.516	30	0.00617284	0.000315926	0.0131384	-0.0294374
14:53:47.516	31	0.00696725	0.000266907	0.0143165	-0.0297949
14:53:48.516	32	0.00724718	0.000613368	0.0151349	-0.0299344
14:53:49.516	33	0.00752831	3.63954e-05	0.0165671	-0.0300524
14:53:50.516	34	0.00780176	-0.000452849	0.0172799	-0.0308344
14:53:51.516	35	0.00853719	-0.000806492	0.0180829	-0.0313519
14:53:52.516	36	0.00886748	-0.000568939	0.0188287	-0.0322987
14:53:53.516	37	0.00935376	-0.000408021	0.0191477	-0.032899
14:53:54.516	38	0.00980776	-0.000381236	0.0203281	-0.0338331
14:53:55.516	39	0.0104055	3.68413e-05	0.0208431	-0.0344346
14:53:56.516	40	0.0106887	4.12044e-05	0.0217101	-0.0349507
14:53:57.516	41	0.0109118	0.00049685	0.022152	-0.03534
14:53:58.516	42	0.0116242	0.000272803	0.0231161	-0.0357074
14:53:59.516	43	0.0119427	0.000722416	0.0240711	-0.0358213
14:54:00.516	44	0.0123715	0.00123549	0.0253166	-0.036057
14:54:01.516	45	0.0133001	0.00162101	0.026349	-0.035842
14:54:02.516	46	0.0138117	0.00197864	0.0271603	-0.0360073
14:54:03.516	47	0.0142258	0.00212194	0.028428	-0.0356058
14:54:04.516	48	0.0151893	0.00239706	0.0293831	-0.0358355
14:54:05.516	49	0.0154378	0.00231573	0.0307689	-0.0360718
14:54:06.516	50	0.0159946	0.00214946	0.0315366	-0.0365235
14:54:07.516	51	0.0163461	0.00153861	0.0323953	-0.0370551
14:54:08.516	52	0.0168493	0.00169251	0.033165	-0.0377719
14:54:09.516	53	0.0173581	0.00184411	0.0340072	-0.0382391
14:54:10.516	54	0.0179789	0.00213755	0.0351484	-0.0387658
14:54:11.516	55	0.0183959	0.00233333	0.0362396	-0.0389702
14:54:12.516	56	0.0189988	0.00291749	0.0371051	-0.0388897
14:54:13.516	57	0.0192527	0.00309667	0.0382114	-0.0388454
14:54:14.516	58	0.0198312	0.00385096	0.0394058	-0.039016
14:54:15.516	59	0.0204343	0.00412712	0.0403372	-0.0391945
14:54:16.516	60	0.0210346	0.00450895	0.0407972	-0.0397601
14:54:17.516	61	0.0215675	0.00483312	0.0415617	-0.0401344
14:54:18.516	62	0.021919	0.00488026	0.0424606	-0.0409647
14:54:19.516	63	0.0223771	0.00540691	0.0431064	-0.0411711
14:54:20.516	64	0.0227439	0.00594214	0.0437099	-0.0419277
14:54:21.516	65	0.0230334	0.00594904	0.0445098	-0.0423746
14:54:22.516	66	0.0236376	0.00603986	0.0448376	-0.0431151
14:54:23.516	67	0.0239957	0.00651815	0.0456946	-0.0436475
14:54:24.516	68	0.0240088	0.00654291	0.046252	-0.0438684
14:54:25.516	69	0.0244013	0.00651973	0.0471477	-0.0444385
14:54:26.516	70	0.0251611	0.00706508	0.0478995	-0.0449585
14:54:27.516	71	0.0256586	0.00756096	0.0488415	-0.0450195
14:54:28.516	72	0.0264831	0.00823979	0.0498268	-0.0453052
14:54:29.516	73	0.0265478	0.00877319	0.0507643	-0.0452781
14:54:30.516	74	0.0266485	0.00902519	0.0518407	-0.0452759
14:54:31.516	75	0.0275995	0.00955382	0.0527988	-0.0452429
14:54:32.516	76	0.0281812	0.00973673	0.0537248	-0.0453365
14:54:33.516	77	0.0282401	0.00958192	0.0545204	-0.0450899
14:54:34.516	78	0.0288685	0.00960476	0.0554249	-0.0454252
14:54:35.516	79	0.0291353	0.00940162	0.0562369	-0.0460536
14:54:36.516	80	0.0294659	0.00928146	0.0570661	-0.0463141
14:54:37.516	81	0.0298308	0.00906854	0.0579809	-0.0465897
14:54:38.516	82	0.0303949	0.00904312	0.058774	-0.0472717
14:54:39.516	83	0.0308883	0.00896477	0.059915	-0.0471845
14:54:40.516	84	0.0299333	0.00844308	0.0606273	-0.0472828
14:54:41.516	85	0.0287786	0.00602282	0.0599831	-0.0481877
14:54:42.516	86	0.0277253	0.00183935	0.0600731	-0.0364112
14:54:43.516	87	0.0276071	-0.000964887	0.0597742	-0.00871061
14:54:44.516	88	0.0283794	-0.00176379	0.0595298	-0.00817167
14:54:45.516	89	0.0286186	-0.00073932	0.0598234	-0.000810932
14:54:46.516	90	0.029415	0.000250756	0.028743	-0.00177438
14:54:47.516	91	0.0300523	0.00110827	-0.0362145	-0.00193612
14:54:48.516	92	0.0275862	0.00141045	-0.0366013	-0.00189252
14:54:49.516	93	-0.0208484	0.00124424	-0.0354317	-0.00132715
14:54:50.516	94	-0.0491819	0.000104714	-0.0344384	-0.00123643
14:54:51.516	95	-0.0492023	-5.37087e-05	-0.0330647	-0.00103359
14:54:52.516	96	-0.0491061	-0.0005018	-0.0315649	-0.000608079	F1
14:54:53.516	97	-0.0421854	-0.0117346	-0.0313311	-0.000664752
14:54:54.516	98	-0.0437764	-0.0347653	-0.0304113	-0.00068084
14:54:55.516	99	-0.0450262	-0.0143872	-0.0298302	-0.000613896	F1
14:54:56.516	100	0.000541286	-0.029328	-0.0291012	-0.000632902
14:54:57.516	101	-0.0105763	-0.00257808	-0.0281231	-0.000563805	F1
14:54:58.516	102	-0.0155918	0.00372161	-0.0261875	-0.00505403
14:54:59.516	103	-0.0173455	0.00425812	-0.0236181	-0.00320627
14:55:00.516	104	-0.0189027	0.00448607	-0.0241979	-0.0184626
14:55:01.516	105	-0.0206471	0.00210356	-0.0241786	-0.022379	F1
14:55:02.516	106	-0.0221984	-0.000385867	-0.0226058	-0.0313666
14:55:03.516	107	-0.0228536	-0.00235547	-0.0218232	-0.0390998
14:55:04.516	108	-0.0239325	-0.00461394	-0.0210473	-0.0248906
14:55:05.516	109	-0.0246277	-0.00842113	-0.020638	-0.0250456
14:55:06.516	110	-0.0253682	-0.0171822	-0.0208176	-0.0173778
14:55:07.516	111	-0.0259588	-0.0350574	-0.0205301	-0.0148116
14:55:08.516	112	-0.0265728	-0.0816291	-0.0182131	0.0522762
14:55:09.516	113	-0.0268912	-0.174663	-0.0190787	0.0169555
14:55:10.516	114	-0.0268497	-0.409637	-0.0183826	0.0227177
14:55:11.516	115	-0.0265594	-0.803432	-0.0179529	0.0270831
14:55:12.516	116	-0.0261532	-0.915903	-0.0176427	0.0300046
14:55:13.516	117	-0.0261079	-0.929293	-0.0174067	0.033821
14:55:14.516	118	-0.0258059	-0.923191	-0.0170305	0.0338261
14:55:15.516	119	-0.0253429	-0.917798	-0.0164517	0.0348676
14:55:16.516	120	-0.0249729	-0.917107	-0.0163272	0.0272213
14:55:17.516	121	-0.0246731	-0.913505	-0.0160488	-0.280984
14:55:18.516	122	-0.0242292	-0.908139	-0.0157852	-0.358574
14:55:19.516	123	-0.0238221	-0.904701	-0.0150145	-0.437852
14:55:20.516	124	-0.0233894	-0.896164	-0.0146629	-0.545227
14:55:21.516	125	-0.0228713	-0.888503	-0.0138288	-0.722433
14:55:22.516	126	-0.0224406	-0.881165	-0.0129919	-0.968655
14:55:23.516	127	-0.0222798	-0.869897	-0.0116566	-1.16358
14:55:24.516	128	-0.0221223	-0.853279	-0.00918144	-1.22665
14:55:25.516	129	-0.0197983	-0.829822	-0.00398622	-1.11391
14:55:26.516	130	-0.0115657	-0.806688	0.00560961	-2.10664
14:55:27.516	131	0.00234292	-0.786317	0.0212101	-0.709855
14:55:28.516	132	0.0166015	-0.770383	0.0396518	-0.592863
14:55:29.516	133	0.0330185	-0.749946	0.0513114	-0.556711
14:55:30.516	134	0.0627837	-0.717918	0.0554399	-0.550583
14:55:31.516	135	0.120046	-0.655345	0.0526723	-0.549583
14:55:32.516	136	0.144948	-0.620717	0.0528713	-0.542789
14:55:33.516	137	0.129308	-0.612254	0.0547412	-0.531195
14:55:34.516	138	0.0629606	-0.6059	0.0616114	-0.513054
14:55:35.516	139	-0.182672	-0.59468	0.0693588	-0.489757
14:55:36.516	140	-0.551874	-0.573158	0.0842982	-0.46377
14:55:37.516	141	-0.711201	-0.548762	0.105635	-0.442357
14:55:38.516	142	-0.712904	-0.530427	0.127699	-0.421619
14:55:39.516	143	-0.691079	-0.515426	0.14888	-0.403119
14:55:40.516	144	-0.677391	-0.504343	0.170476	-0.389679
14:55:41.516	145	-0.674822	-0.499091	0.183071	-0.377612
14:55:42.516	146	-0.677026	-0.495053	0.139058	-0.365733
14:55:43.516	147	-0.682577	-0.493194	-0.0710326	-0.350685
14:55:44.516	148	-0.68885	-0.489495	-0.505359	-0.33504
14:55:45.516	149	-0.694516	-0.486137	-0.594668	-0.321259
14:55:46.516	150	-0.698614	-0.482188	-0.55005	-0.305598
14:55:47.516	151	-0.700427	-0.478932	-0.511849	-0.287886
14:55:48.516	152	-0.700984	-0.476129	-0.484411	-0.270145
14:55:49.516	153	-0.701008	-0.473593	-0.45828	-0.251966
14:55:50.516	154	-0.699428	-0.470015	-0.432342	-0.233654
14:55:51.516	155	-0.697056	-0.465061	-0.415505	-0.220906
14:55:52.516	156	-0.693579	-0.459261	-0.405561	-0.212273
14:55:53.516	157	-0.689317	-0.452482	-0.392649	-0.202212
14:55:54.516	158	-0.683391	-0.444202	-0.373025	-0.188975
14:55:55.516	159	-0.677318	-0.436468	-0.349413	-0.173446
14:55:56.516	160	-0.671038	-0.429223	-0.345292	-0.17026
14:55:57.516	161	-0.664923	-0.422333	-0.345693	-0.170452
14:55:58.516	162	-0.658764	-0.415478	-0.344943	-0.169533
14:55:59.516	163	-0.653095	-0.409561	-0.344245	-0.169016
14:56:00.516	164	-0.648124	-0.403212	-0.342026	-0.167724
14:56:01.516	165	-0.642962	-0.396905	-0.339406	-0.16584
14:56:02.516	166	-0.63742	-0.390436	-0.331384	-0.160782
14:56:03.516	167	-0.631671	-0.384001	-0.318692	-0.152068
14:56:04.516	168	-0.626288	-0.378033	-0.316083	-0.149172
14:56:05.516	169	-0.621501	-0.372451	-0.318066	-0.149511
14:56:06.516	170	-0.615617	-0.36677	-0.318567	-0.14884
14:56:07.516	171	-0.610475	-0.361886	-0.319527	-0.148364
14:56:08.516	172	-0.605692	-0.358272	-0.320895	-0.148115
14:56:09.516	173	-0.601668	-0.355281	-0.322548	-0.148232
14:56:10.516	174	-0.597458	-0.353105	-0.324467	-0.148212
14:56:11.516	175	-0.593029	-0.350399	-0.326538	-0.148572
14:56:12.516	176	-0.58852	-0.348127	-0.329027	-0.149198
14:56:13.516	177	-0.584259	-0.346565	-0.331762	-0.149582
14:56:14.516	178	-0.579803	-0.344833	-0.334598	-0.150674
14:56:15.516	179	-0.575515	-0.34358	-0.336821	-0.151723
14:56:16.516	180	-0.570674	-0.342003	-0.337947	-0.151352
14:56:17.516	181	-0.566882	-0.341406	-0.337751	-0.150177
14:56:18.516	182	-0.56301	-0.341223	-0.340187	-0.149975
14:56:19.516	183	-0.558698	-0.340347	-0.346628	-0.153094
14:56:20.516	184	-0.553743	-0.339788	-0.352407	-0.155404
14:56:21.516	185	-0.548355	-0.339813	-0.356316	-0.157339
14:56:22.516	186	-0.542788	-0.339722	-0.359082	-0.158947
14:56:23.516	187	-0.536488	-0.339885	-0.361189	-0.160119
14:56:24.516	188	-0.529815	-0.340346	-0.363427	-0.161514
14:56:25.516	189	-0.521537	-0.341193	-0.365562	-0.162441
14:56:26.516	190	-0.512167	-0.340868	-0.36745	-0.163351
14:56:27.516	191	-0.500423	-0.340231	-0.36963	-0.163108
14:56:28.516	192	-0.486587	-0.3399	-0.371827	-0.162817
14:56:29.516	193	-0.471527	-0.339686	-0.374671	-0.16223
14:56:30.516	194	-0.454658	-0.339494	-0.3779	-0.161597
14:56:31.516	195	-0.435041	-0.339711	-0.381497	-0.161001
14:56:32.516	196	-0.413278	-0.339146	-0.38512	-0.160276
14:56:33.516	197	-0.38944	-0.338129	-0.388283	-0.159292
14:56:34.516	198	-0.364735	-0.338023	-0.391692	-0.157923
14:56:35.516	199	-0.338531	-0.33801	-0.394818	-0.156585
14:56:36.516	200	-0.311932	-0.33815	-0.397534	-0.155333
14:56:37.516	201	-0.283998	-0.338756	-0.399605	-0.15369
14:56:38.516	202	-0.256091	-0.339134	-0.402177	-0.152494
14:56:39.516	203	-0.227916	-0.338995	-0.40399	-0.151546
14:56:40.516	204	-0.199971	-0.33743	-0.405289	-0.14994
14:56:41.516	205	-0.173485	-0.336988	-0.40689	-0.148999
14:56:42.516	206	-0.149495	-0.336873	-0.40834	-0.14803
14:56:43.516	207	-0.12565	-0.335845	-0.410042	-0.146834
14:56:44.516	208	-0.104787	-0.334966	-0.411674	-0.146205
14:56:45.516	209	-0.0867988	-0.334832	-0.413251	-0.145817
14:56:46.516	210	-0.0719713	-0.334826	-0.415248	-0.145253
14:56:47.516	211	-0.05917	-0.334716	-0.417463	-0.145322
14:56:48.516	212	-0.0490718	-0.335223	-0.41982	-0.146341
14:56:49.516	213	-0.0407128	-0.335934	-0.42223	-0.146423
14:56:50.516	214	-0.0342406	-0.336906	-0.424903	-0.146953
14:56:51.516	215	-0.0294766	-0.337313	-0.427333	-0.147509
14:56:52.516	216	-0.0259516	-0.33718	-0.429498	-0.148202
14:56:53.516	217	-0.0234829	-0.338076	-0.432203	-0.148735
14:56:54.516	218	-0.0222829	-0.338618	-0.43444	-0.149566
14:56:55.516	219	-0.0218813	-0.339169	-0.436996	-0.150106
14:56:56.516	220	-0.0215653	-0.339775	-0.439254	-0.151052
14:56:57.516	221	-0.0223518	-0.340448	-0.442011	-0.152181
14:56:58.516	222	-0.0234325	-0.341172	-0.444276	-0.152991
14:56:59.516	223	-0.0253493	-0.341756	-0.446457	-0.153465
14:57:00.516	224	-0.0271518	-0.341915	-0.448323	-0.154282
14:57:01.516	225	-0.0296674	-0.342398	-0.450937	-0.15522
14:57:02.516	226	-0.0314904	-0.342792	-0.453147	-0.156549
14:57:03.516	227	-0.0341238	-0.343088	-0.455086	-0.157566
14:57:04.516	228	-0.0363751	-0.342947	-0.456957	-0.158925
14:57:05.516	229	-0.0395209	-0.343079	-0.458461	-0.159565
14:57:06.516	230	-0.0419786	-0.342689	-0.459785	-0.160274
14:57:07.516	231	-0.0444512	-0.342941	-0.461114	-0.161339
14:57:08.516	232	-0.0466176	-0.343019	-0.461873	-0.161909
14:57:09.516	233	-0.0488335	-0.342604	-0.462189	-0.162157
14:57:10.516	234	-0.050809	-0.342436	-0.462686	-0.162682
14:57:11.516	235	-0.0519406	-0.342001	-0.462457	-0.163254
14:57:12.516	236	-0.0538023	-0.342271	-0.461946	-0.163823
14:57:13.516	237	-0.0557474	-0.342055	-0.461118	-0.164247
14:57:14.516	238	-0.0565379	-0.341731	-0.45981	-0.165142
14:57:15.516	239	-0.0583128	-0.341708	-0.457759	-0.166184
14:57:16.516	240	-0.0595494	-0.342021	-0.454921	-0.166645
14:57:17.516	241	-0.061316	-0.34191	-0.450871	-0.167372
14:57:18.516	242	-0.0621765	-0.341639	-0.446046	-0.168384
14:57:19.516	243	-0.0645575	-0.34207	-0.440136	-0.16977
14:57:20.516	244	-0.0664021	-0.342441	-0.432297	-0.170838
14:57:21.516	245	-0.0677323	-0.342354	-0.422532	-0.171499
14:57:22.516	246	-0.0695372	-0.342832	-0.410679	-0.17256
14:57:23.516	247	-0.0709768	-0.342945	-0.396998	-0.173615
14:57:24.516	248	-0.0720556	-0.34314	-0.380498	-0.174167
14:57:25.516	249	-0.0736439	-0.342935	-0.362154	-0.174781
14:57:26.516	250	-0.0744953	-0.342645	-0.342735	-0.175553
14:57:27.516	251	-0.0750814	-0.342322	-0.322812	-0.176274
14:57:28.516	252	-0.0770086	-0.342678	-0.303936	-0.176846
14:57:29.516	253	-0.0782101	-0.34266	-0.285538	-0.176969
14:57:30.516	254	-0.079489	-0.34292	-0.268883	-0.176716
14:57:31.516	255	-0.0808488	-0.342629	-0.253834	-0.176863
14:57:32.516	256	-0.0812505	-0.342426	-0.239899	-0.177041
14:57:33.516	257	-0.082083	-0.343012	-0.227602	-0.177302
14:57:34.516	258	-0.083516	-0.343619	-0.215396	-0.177529
14:57:35.516	259	-0.0853301	-0.344102	-0.204268	-0.177704
14:57:36.516	260	-0.0870791	-0.344705	-0.193893	-0.178119
14:57:37.516	261	-0.0888545	-0.345698	-0.182514	-0.177392
14:57:38.516	262	-0.0903567	-0.347758	-0.172815	-0.17738
14:57:39.516	263	-0.0912232	-0.347693	-0.164549	-0.177804
14:57:40.516	264	-0.0926321	-0.347824	-0.156458	-0.177869
14:57:41.516	265	-0.0944615	-0.347493	-0.148764	-0.178309
14:57:42.516	266	-0.0956414	-0.347356	-0.14145	-0.178356
14:57:43.516	267	-0.0972499	-0.347447	-0.134006	-0.178174
14:57:44.516	268	-0.098571	-0.347301	-0.126661	-0.178236
14:57:45.516	269	-0.0996716	-0.347161	-0.119658	-0.178072
14:57:46.516	270	-0.100651	-0.347131	-0.113217	-0.179011
14:57:47.516	271	-0.10158	-0.347098	-0.107518	-0.179086
14:57:48.516	272	-0.102488	-0.347191	-0.102128	-0.179219
14:57:49.516	273	-0.10348	-0.347474	-0.0974221	-0.179821
14:57:50.516	274	-0.104301	-0.348899	-0.09301	-0.17973
14:57:51.516	275	-0.105111	-0.350529	-0.0892788	-0.179527
14:57:52.516	276	-0.106271	-0.351811	-0.0849721	-0.179663
14:57:53.516	277	-0.106802	-0.352353	-0.0812679	-0.180028
14:57:54.516	278	-0.107448	-0.352425	-0.0772754	-0.180174
14:57:55.516	279	-0.10828	-0.351994	-0.0735496	-0.180429
14:57:56.516	280	-0.109021	-0.351698	-0.0698518	-0.180278
14:57:57.516	281	-0.110226	-0.351488	-0.0668074	-0.180164
14:57:58.516	282	-0.111354	-0.351272	-0.0640147	-0.18036
14:57:59.516	283	-0.112463	-0.351011	-0.060699	-0.180307
14:58:00.516	284	-0.113227	-0.351002	-0.0584419	-0.180134
14:58:01.516	285	-0.114336	-0.350787	-0.0552609	-0.179862
14:58:02.516	286	-0.115212	-0.350588	-0.0209545	-0.179649
14:58:03.516	287	-0.116133	-0.350129	-0.0124065	-0.179832
14:58:04.516	288	-0.116822	-0.349671	-0.0166506	-0.180128
14:58:05.516	289	-0.117606	-0.349484	-0.0171389	-0.180555
14:58:06.516	290	-0.118606	-0.349506	-0.0195417	-0.180839
14:58:07.516	291	-0.119073	-0.348958	-0.0223692	-0.180934
14:58:08.516	292	-0.119958	-0.348792	-0.0295211	-0.181306
14:58:09.516	293	-0.120479	-0.348457	-0.0384434	-0.181485
14:58:10.516	294	-0.121194	-0.348533	-0.0340262	-0.181385
14:58:11.516	295	-0.122239	-0.349057	-0.0407494	-0.181515
14:58:12.516	296	-0.123622	-0.349671	-0.0415504	-0.181826
14:58:13.516	297	-0.124764	-0.349969	-0.0446832	-0.181985
14:58:14.516	298	-0.125288	-0.349807	-0.0495983	-0.181921
14:58:15.516	299	-0.126155	-0.349606	-0.0498712	-0.181711
14:58:16.516	300	-0.127195	-0.349855	-0.0500289	-0.181655
14:58:17.516	301	-0.127616	-0.349591	-0.0506989	-0.18164
14:58:18.516	302	-0.128088	-0.348945	-0.0512792	-0.181815
14:58:19.516	303	-0.129255	-0.349258	-0.052166	-0.181431
14:58:20.516	304	-0.129325	-0.349417	-0.0526141	-0.180922
14:58:21.516	305	-0.129244	-0.349035	-0.0533113	-0.180757
14:58:22.516	306	-0.12975	-0.348788	-0.0541917	-0.18084
14:58:23.516	307	-0.130555	-0.348907	-0.0548724	-0.180481
14:58:24.516	308	-0.131391	-0.349008	-0.0559011	-0.18031
14:58:25.516	309	-0.131943	-0.348938	-0.056638	-0.180617
14:58:26.516	310	-0.132224	-0.348935	-0.0578117	-0.180616
14:58:27.516	311	-0.13277	-0.34901	-0.0592138	-0.181013
14:58:28.516	312	-0.133509	-0.34904	-0.0609267	-0.180812
14:58:29.516	313	-0.134091	-0.349182	-0.0626207	-0.181213
14:58:30.516	314	-0.134637	-0.349551	-0.0636813	-0.181402
14:58:31.516	315	-0.135234	-0.349501	-0.063893	-0.181248
14:58:32.516	316	-0.135882	-0.349636	-0.0645065	-0.180991
14:58:33.516	317	-0.136285	-0.349634	-0.0657454	-0.180394
14:58:34.516	318	-0.137358	-0.349583	-0.0665591	-0.179939
14:58:35.516	319	-0.137837	-0.34957	-0.0675914	-0.180265
14:58:36.516	320	-0.138932	-0.349637	-0.0684222	-0.180111
14:58:37.516	321	-0.139483	-0.349531	-0.0692366	-0.180151
14:58:38.516	322	-0.14026	-0.349727	-0.0707626	-0.180033
14:58:39.516	323	-0.140863	-0.349594	-0.0726152	-0.179913
14:58:40.516	324	-0.141581	-0.349326	-0.0741204	-0.179851
14:58:41.516	325	-0.141974	-0.349031	-0.0759045	-0.180011
14:58:42.516	326	-0.142669	-0.3492	-0.0776201	-0.179811
14:58:43.516	327	-0.143332	-0.349485	-0.0790235	-0.179736
14:58:44.516	328	-0.144355	-0.349709	-0.0805552	-0.179341
14:58:45.516	329	-0.145287	-0.349922	-0.0812284	-0.179034
14:58:46.516	330	-0.146261	-0.350032	-0.0820029	-0.178642
14:58:47.516	331	-0.146992	-0.350146	-0.0820583	-0.178019
14:58:48.516	332	-0.147872	-0.350124	-0.0826187	-0.177721
14:58:49.516	333	-0.148315	-0.350163	-0.0828625	-0.177335
14:58:50.516	334	-0.149611	-0.350527	-0.0833168	-0.176725
14:58:51.516	335	-0.151231	-0.351048	-0.0834658	-0.176132
14:58:52.516	336	-0.152035	-0.35127	-0.0762745	-0.17571
14:58:53.516	337	-0.152963	-0.351513	-0.0132695	-0.175253
14:58:54.516	338	-0.153536	-0.351493	-0.00842258	-0.174988
14:58:55.516	339	-0.153895	-0.351474	-0.0158705	-0.174767
14:58:56.516	340	-0.154353	-0.351742	-0.0141831	-0.174628
14:58:57.516	341	-0.154741	-0.35166	-0.021675	-0.17469
14:58:58.516	342	-0.15537	-0.351881	-0.0253618	-0.175476
14:58:59.516	343	-0.156115	-0.352363	-0.046983	-0.175339
14:59:00.516	344	-0.156611	-0.352928	-0.0355683	-0.175198
14:59:01.516	345	-0.157099	-0.35315	-0.0331009	-0.174674
14:59:02.516	346	-0.157616	-0.353174	-0.0285975	-0.174517
14:59:03.516	347	-0.158137	-0.353628	-0.0575612	-0.174273
14:59:04.516	348	-0.158823	-0.353544	-0.0456878	-0.174367
14:59:05.516	349	-0.159121	-0.353766	-0.035689	-0.174785
14:59:06.516	350	-0.159408	-0.353843	-0.0391911	-0.174767
14:59:07.516	351	-0.160429	-0.354181	-0.0281067	-0.174397
14:59:08.516	352	-0.161269	-0.354483	-0.033153	-0.174398
14:59:09.516	353	-0.161662	-0.354444	-0.0184914	-0.174707
14:59:10.516	354	-0.162205	-0.354546	-0.0306404	-0.174552
14:59:11.516	355	-0.162808	-0.354977	-0.0338939	-0.174193
14:59:12.516	356	-0.163334	-0.35497	-0.0274167	-0.173961
14:59:13.516	357	-0.16372	-0.354859	-0.0281787	-0.173874
14:59:14.516	358	-0.16368	-0.35487	-0.0393382	-0.174199
14:59:15.516	359	-0.163783	-0.354553	-0.0466819	-0.174288
14:59:16.516	360	-0.162944	-0.354692	-0.0525362	-0.174272
14:59:17.516	361	-0.162849	-0.35574	-0.0573538	-0.174023
14:59:18.516	362	-0.162668	-0.3578	-0.0640451	-0.173965
14:59:19.516	363	-0.16307	-0.359672	-0.0649523	-0.17378
14:59:20.516	364	-0.163759	-0.360846	-0.0489298	-0.173475
