TimeOfDay	Time	E1_L08.1CG_almt5-1	E2_L13.1	E3_L08.2CG_Col0	E4_L13.2
15:33:19.886	0	-0.0303027	0.00185686	-0.0182471	-0.00571283
15:33:20.886	1	-0.0292293	0.00190901	-0.0190587	-0.00581299
15:33:21.886	2	-0.0293558	0.00205278	-0.0194051	-0.0063953
15:33:22.886	3	-0.0296867	0.00303112	-0.0204377	-0.00690752
15:33:23.886	4	-0.00836166	0.00449118	-0.0205873	-0.00630033
15:33:24.886	5	-0.0103902	0.00544062	-0.020273	-0.00597832
15:33:25.886	6	-0.0110599	0.00699009	-0.0205236	-0.00613876
15:33:26.886	7	-0.011573	0.00804661	-0.0199713	-0.00594267
15:33:27.886	8	-0.0116672	0.00936845	-0.0199778	-0.00610751
15:33:28.886	9	-0.0113626	0.0105396	-0.0200788	-0.0060885
15:33:29.886	10	-0.0110489	0.0118415	-0.0197133	-0.00564569
15:33:30.886	11	-0.0110701	0.0128118	-0.0197847	-0.00549079
15:33:31.886	12	-0.011153	0.0141045	-0.019784	-0.00531674
15:33:32.886	13	-0.0107457	0.0152598	-0.019709	-0.00521134
15:33:33.886	14	-0.0109021	0.0163419	-0.0198235	-0.00425126
15:33:34.886	15	-0.0104272	0.0169932	-0.0196943	-0.00402378
15:33:35.886	16	-0.0102313	0.0185002	-0.0192341	-0.00379286
15:33:36.886	17	-0.00961113	0.0190231	-0.0187424	-0.00316814
15:33:37.886	18	-0.00838449	0.0197964	-0.0184375	-0.00314181
15:33:38.886	19	-0.00784901	0.0207047	-0.0178759	-0.00175961
15:33:39.886	20	-0.00802951	0.0215947	-0.0175313	-0.00102265
15:33:40.886	21	-0.00800141	0.0221637	-0.0186573	-0.000931542
15:33:41.886	22	-0.00818956	0.0231392	-0.0189142	-0.00148781
15:33:42.886	23	-0.00883089	0.023682	-0.0191436	-0.000920468
15:33:43.886	24	-0.00935678	0.0244343	-0.0195947	-0.000601522
15:33:44.886	25	-0.00985641	0.0253102	-0.0197441	-0.000726944
15:33:45.886	26	-0.0101229	0.0261396	-0.0198299	-0.000716197
15:33:46.886	27	-0.0100724	0.0267352	-0.0196689	-0.000162167
15:33:47.886	28	-0.00935637	0.0273607	-0.0196189	-0.00047991
15:33:48.886	29	-0.00910754	0.0280682	-0.0189081	-4.49759e-05
15:33:49.886	30	-0.00837231	0.0287128	-0.0194198	0.000213825
15:33:50.886	31	-0.00838587	0.0289424	-0.0191828	0.000336121
15:33:51.886	32	-0.00862593	0.0299093	-0.0195358	0.000658151
15:33:52.886	33	-0.00876319	0.030543	-0.0197058	0.00129306
15:33:53.886	34	-0.00848383	0.0305776	-0.0194643	0.000878945
15:33:54.886	35	-0.00772588	0.0306592	-0.020343	0.000762981
15:33:55.886	36	-0.0066566	0.0313199	-0.021251	0.000751496
15:33:56.886	37	-0.00574171	0.0317295	-0.0217698	0.000514095
15:33:57.886	38	-0.00496447	0.0318506	-0.0223635	-0.000156942
15:33:58.886	39	-0.00490046	0.033094	-0.0222831	-0.000299589
15:33:59.886	40	-0.00474686	0.0336761	-0.0230943	-0.000590258
15:34:00.886	41	-0.00468474	0.0309505	-0.0235359	-0.000460631
15:34:01.886	42	-0.00478106	0.0196926	-0.0236261	-0.000559559
15:34:02.886	43	-0.00523229	0.0136144	-0.0235909	0.000331602
15:34:03.886	44	-0.00526965	0.0119304	-0.0235984	-6.47189e-05
15:34:04.886	45	-0.00494587	0.0125092	-0.0236666	-0.00061344
15:34:05.886	46	-0.00485058	0.0138589	-0.0233613	-0.000547601
15:34:06.886	47	-0.00457262	0.0158998	-0.0230028	-0.000249435
15:34:07.886	48	-0.00461698	0.0167075	-0.0237008	-6.09044e-06
15:34:08.886	49	-0.00452421	0.0171062	-0.0237746	-0.000323627
15:34:09.886	50	-0.00411664	0.0176507	-0.0240957	-0.000398319
15:34:10.886	51	-0.00324681	0.0180003	-0.0233652	-0.00059281
15:34:11.886	52	-0.0035082	0.0183672	-0.0235245	-0.000172222
15:34:12.886	53	-0.00345764	0.0191099	-0.0225273	-0.000614758
15:34:13.886	54	-0.00305619	0.0200397	-0.0223882	0.000138362
15:34:14.886	55	-0.00309654	0.0208422	-0.0221872	0.000434178
15:34:15.886	56	-0.00255926	0.02187	-0.022393	0.000739722
15:34:16.886	57	-0.00158124	0.0228082	-0.0223097	5.90503e-05
15:34:17.886	58	-0.000887358	0.0238297	-0.0221927	-0.000305239
15:34:18.886	59	-0.00022242	0.0242281	-0.0223569	-0.000372278
15:34:19.886	60	3.20064e-05	0.0244875	-0.0225803	-0.000430226
15:34:20.886	61	-1.01036e-05	0.0248099	-0.0224634	-0.000701218
15:34:21.886	62	0.000411157	0.0256992	-0.0225954	-0.000446811
15:34:22.886	63	0.000602371	0.0260093	-0.0224225	-0.000820865
15:34:23.886	64	0.00096856	0.026712	-0.0220668	-0.000648705
15:34:24.886	65	0.00139217	0.0273176	-0.0210997	-0.000291848
15:34:25.886	66	0.00220636	0.0281749	-0.0210939	-0.000505187
15:34:26.886	67	0.00278687	0.0287658	-0.0205633	-0.000325348
15:34:27.886	68	0.00411114	0.0296537	-0.0208985	-0.000297316
15:34:28.886	69	0.00477802	0.0301884	-0.0206938	-0.000659443
15:34:29.886	70	0.00500301	0.0308043	-0.0206257	-0.000752775
15:34:30.886	71	0.00565677	0.0313804	-0.0207233	-0.00070183
15:34:31.886	72	0.00620531	0.031691	-0.0202834	-0.000493151
15:34:32.886	73	0.00710899	0.0322464	-0.0204138	-0.000606868
15:34:33.886	74	0.00761755	0.0327364	-0.0204695	-0.000729172
15:34:34.886	75	0.00833741	0.0331894	-0.0204875	-0.000668806
15:34:35.886	76	0.00921074	0.0338515	-0.0211926	-0.000706227
15:34:36.886	77	0.0093886	0.0344315	-0.0216812	-0.000759381
15:34:37.886	78	0.0100352	0.0348033	-0.0222697	-0.00116937
15:34:38.886	79	0.0103716	0.035118	-0.0230165	-0.00207211
15:34:39.886	80	0.0109023	0.0355839	-0.0240252	-0.00263338
15:34:40.886	81	0.011489	0.036065	-0.0249142	-0.00272434
15:34:41.886	82	0.0113589	0.0368238	-0.0250236	-0.00302917
15:34:42.886	83	0.0116648	0.0371375	-0.025676	-0.00341479
15:34:43.886	84	0.0118614	0.0376656	-0.0255197	-0.00410419
15:34:44.886	85	0.0124846	0.0379071	-0.0257739	-0.0044084
15:34:45.886	86	0.0129214	0.0383749	-0.0256138	-0.00429119
15:34:46.886	87	0.0129886	0.0385389	-0.0251195	-0.00457265
15:34:47.886	88	0.0142491	0.0385849	-0.0250028	-0.00411619
15:34:48.886	89	0.0146856	0.0391433	-0.0249988	-0.00404326
15:34:49.886	90	0.0148745	0.0401706	-0.0251318	-0.00429001
15:34:50.886	91	0.0158435	0.0404445	-0.0255611	-0.00524389	F1
15:34:51.886	92	-2.02015	0.041378	-0.0260237	-0.0059009
15:34:52.886	93	-9.79386	0.0407379	-0.0260372	-0.00681433	F1
15:34:53.886	94	-9.78061	0.0412071	-0.0258617	-0.00741344
15:34:54.886	95	-0.446714	0.0425435	-0.0254737	-0.00673648
15:34:55.886	96	-3.1149	0.0422676	-0.0249919	-0.0106629
15:34:56.886	97	-9.78918	0.0429269	-0.0254497	-0.00824547
15:34:57.886	98	-3.8144	0.0453169	-0.025447	-0.00820733
15:34:58.886	99	-0.633781	0.049193	-0.0251473	-0.00795546
15:34:59.886	100	-0.600071	0.0502823	-0.0253931	-0.00879106
15:35:00.886	101	-0.573182	0.0505037	-0.0256722	-0.00934859
15:35:01.886	102	-0.55224	0.0508135	-0.0258014	-0.00985799
15:35:02.886	103	-1.22373	0.0508695	-0.0260718	-0.00982373
15:35:03.886	104	-0.502595	0.0519911	-0.0261675	-0.0105365
15:35:04.886	105	-0.480627	0.0520903	-0.0262707	-0.0117825
15:35:05.886	106	-0.451699	0.0522469	-0.026949	-0.012439
15:35:06.886	107	-0.427112	0.0524035	-0.027122	-0.0130118
15:35:07.886	108	-0.427811	0.0532038	-0.0275684	-0.0134813
15:35:08.886	109	-0.47782	0.0537429	-0.0278669	-0.0138172
15:35:09.886	110	-0.581454	0.053248	-0.0292948	-0.0145156
15:35:10.886	111	-0.635485	0.0509312	-0.0292162	-0.0146452
15:35:11.886	112	-0.563921	0.0460101	-0.0322995	-0.0177265
15:35:12.886	113	-0.570714	0.044881	-0.035818	-0.0214912
15:35:13.886	114	-0.578749	0.0450755	-0.0382866	-0.0246139
15:35:14.886	115	-0.594629	0.0432432	-0.039657	-0.0263536
15:35:15.886	116	-0.623468	0.0427227	-0.0408913	-0.0282312
15:35:16.886	117	-0.644558	0.0436927	-0.0417575	-0.0298269	F1
15:35:17.886	118	-0.654216	0.0443589	-1.11436	-0.0916027
15:35:18.886	119	-0.660194	0.0453686	-1.10594	-0.0277583
15:35:19.886	120	-0.665796	0.0483049	-0.976903	-0.0149873	F1
15:35:20.886	121	-0.66935	0.0501789	-0.943858	-0.0122015
15:35:21.886	122	-0.669186	0.0512247	-0.864282	0.00494776
15:35:22.886	123	-0.662253	0.0542873	-0.828892	0.0053447
15:35:23.886	124	-0.647361	0.0639512	-0.795992	0.00695801
15:35:24.886	125	-0.631001	0.0780625	-0.759773	0.0076796
15:35:25.886	126	-0.612361	0.0938023	-0.70974	-0.00345748
15:35:26.886	127	-0.586767	0.116242	-0.606295	0.0191737
15:35:27.886	128	-0.552526	0.149355	-0.564912	0.0178395
15:35:28.886	129	-0.538464	0.16734	-0.528738	0.0189417
15:35:29.886	130	-0.524321	0.187964	-0.516911	0.0187658
15:35:30.886	131	-0.496314	0.226212	-0.579625	0.0176916
15:35:31.886	132	-0.441652	0.290211	-0.692407	0.0169798
15:35:32.886	133	-0.422071	0.303299	-0.845576	0.0172837
15:35:33.886	134	-0.414679	0.295797	-0.928776	0.0168198
15:35:34.886	135	-0.407783	0.267316	-0.949828	0.0162371
15:35:35.886	136	-0.401223	0.192696	-0.94083	0.0157836
15:35:36.886	137	-0.396065	0.0505385	-0.929344	0.0159231
15:35:37.886	138	-0.390268	-0.0720849	-0.92265	0.015853
15:35:38.886	139	-0.384167	-0.129068	-0.92202	0.0161801
15:35:39.886	140	-0.378467	-0.142635	-0.923787	0.015876
15:35:40.886	141	-0.373	-0.140068	-0.929715	0.0159557
15:35:41.886	142	-0.368648	-0.135878	-0.93589	0.0156254
15:35:42.886	143	-0.364834	-0.134067	-0.938443	0.0160063
15:35:43.886	144	-0.361578	-0.133852	-0.934808	0.0153039
15:35:44.886	145	-0.358106	-0.135914	-0.921165	0.0176024
15:35:45.886	146	-0.354968	-0.139656	-0.905965	0.0273763
15:35:46.886	147	-0.351937	-0.144084	-0.885329	0.0424823
15:35:47.886	148	-0.348174	-0.149083	-0.866352	0.0579139
15:35:48.886	149	-0.34318	-0.155275	-0.850068	0.0740109
15:35:49.886	150	-0.334737	-0.160092	-0.836564	0.0895585
15:35:50.886	151	-0.323969	-0.164431	-0.827291	0.10713
15:35:51.886	152	-0.312159	-0.169075	-0.817784	0.0997258
15:35:52.886	153	-0.29936	-0.1737	-0.810278	0.0715581
15:35:53.886	154	-0.289367	-0.17804	-0.803927	-0.00596918
15:35:54.886	155	-0.284178	-0.182161	-0.798371	-0.191623
15:35:55.886	156	-0.280718	-0.185347	-0.79316	-0.516381
15:35:56.886	157	-0.278421	-0.18987	-0.788031	-0.74721
15:35:57.886	158	-0.276516	-0.193962	-0.781426	-0.737942
15:35:58.886	159	-0.274769	-0.197782	-0.773823	-0.734263
15:35:59.886	160	-0.273443	-0.201033	-0.765932	-0.728443
15:36:00.886	161	-0.272945	-0.204552	-0.758029	-0.72477
15:36:01.886	162	-0.27264	-0.208363	-0.747526	-0.728025
15:36:02.886	163	-0.272273	-0.212254	-0.739021	-0.730922
15:36:03.886	164	-0.272193	-0.215451	-0.731781	-0.729211
15:36:04.886	165	-0.272548	-0.21845	-0.728343	-0.73103
15:36:05.886	166	-0.273102	-0.2217	-0.727273	-0.735322
15:36:06.886	167	-0.272107	-0.223277	-0.726723	-0.740474
15:36:07.886	168	-0.271644	-0.225802	-0.725781	-0.74539
15:36:08.886	169	-0.270734	-0.226942	-0.724855	-0.748269
15:36:09.886	170	-0.264919	-0.224102	-0.722609	-0.748906
15:36:10.886	171	-0.254502	-0.216044	-0.719522	-0.747901
15:36:11.886	172	-0.249954	-0.213752	-0.713941	-0.744805
15:36:12.886	173	-0.251685	-0.217259	-0.707969	-0.740847
15:36:13.886	174	-0.254328	-0.221709	-0.701939	-0.736283
15:36:14.886	175	-0.256564	-0.225879	-0.694406	-0.730121
15:36:15.886	176	-0.258522	-0.229486	-0.686612	-0.723068
15:36:16.886	177	-0.259846	-0.233101	-0.67898	-0.717325
15:36:17.886	178	-0.261571	-0.237096	-0.671343	-0.711106
15:36:18.886	179	-0.263925	-0.241868	-0.663453	-0.704459
15:36:19.886	180	-0.266508	-0.248049	-0.655821	-0.699002
15:36:20.886	181	-0.270032	-0.255626	-0.649104	-0.693693
15:36:21.886	182	-0.273866	-0.261896	-0.643376	-0.689546
15:36:22.886	183	-0.277851	-0.268639	-0.638069	-0.685661
15:36:23.886	184	-0.28139	-0.274669	-0.632616	-0.681707
15:36:24.886	185	-0.284432	-0.279602	-0.627643	-0.677488
15:36:25.886	186	-0.286222	-0.284437	-0.623157	-0.674427
15:36:26.886	187	-0.288275	-0.288568	-0.618467	-0.671376
15:36:27.886	188	-0.289696	-0.292059	-0.61316	-0.667474
15:36:28.886	189	-0.290859	-0.295287	-0.60842	-0.664979
15:36:29.886	190	-0.291274	-0.297882	-0.603263	-0.662329
15:36:30.886	191	-0.291854	-0.300647	-0.597826	-0.659581
15:36:31.886	192	-0.292382	-0.303374	-0.593178	-0.657723
15:36:32.886	193	-0.292252	-0.305785	-0.589256	-0.656714
15:36:33.886	194	-0.292019	-0.307918	-0.586338	-0.656495
15:36:34.886	195	-0.291604	-0.310162	-0.58345	-0.656392
15:36:35.886	196	-0.291238	-0.311724	-0.58058	-0.656317
15:36:36.886	197	-0.290471	-0.312772	-0.577366	-0.656112
15:36:37.886	198	-0.289736	-0.314237	-0.574068	-0.656009
15:36:38.886	199	-0.289121	-0.315553	-0.572303	-0.655998
15:36:39.886	200	-0.288316	-0.316887	-0.569977	-0.6557
15:36:40.886	201	-0.287795	-0.318252	-0.567751	-0.655533
15:36:41.886	202	-0.286908	-0.320388	-0.566607	-0.656614
15:36:42.886	203	-0.285974	-0.32259	-0.565266	-0.657564
15:36:43.886	204	-0.284975	-0.324147	-0.56427	-0.658385
15:36:44.886	205	-0.284129	-0.325071	-0.563846	-0.659943
15:36:45.886	206	-0.283565	-0.32593	-0.562992	-0.661102
15:36:46.886	207	-0.282408	-0.326688	-0.562853	-0.662727
15:36:47.886	208	-0.281288	-0.327038	-0.562523	-0.664414
15:36:48.886	209	-0.279303	-0.32669	-0.562292	-0.666007
15:36:49.886	210	-0.278617	-0.327097	-0.561499	-0.667007
15:36:50.886	211	-0.277923	-0.327782	-0.561379	-0.668724
15:36:51.886	212	-0.276846	-0.328313	-0.561103	-0.669313
15:36:52.886	213	-0.27601	-0.329007	-0.560499	-0.670493
15:36:53.886	214	-0.274723	-0.329524	-0.559761	-0.67163
15:36:54.886	215	-0.273556	-0.330034	-0.559381	-0.672274
15:36:55.886	216	-0.27221	-0.330309	-0.559072	-0.672802
15:36:56.886	217	-0.270493	-0.330633	-0.558131	-0.6733
15:36:57.886	218	-0.268934	-0.331006	-0.557209	-0.673702
15:36:58.886	219	-0.267912	-0.331427	-0.556314	-0.674508
15:36:59.886	220	-0.266529	-0.331505	-0.555057	-0.674312
15:37:00.886	221	-0.265389	-0.331868	-0.554322	-0.674517
15:37:01.886	222	-0.264156	-0.332156	-0.553858	-0.674718
15:37:02.886	223	-0.262944	-0.332576	-0.553134	-0.675199
15:37:03.886	224	-0.261731	-0.332853	-0.552354	-0.675472
15:37:04.886	225	-0.260474	-0.333019	-0.55206	-0.675566
15:37:05.886	226	-0.259528	-0.33322	-0.551317	-0.675549
15:37:06.886	227	-0.258435	-0.333624	-0.550648	-0.675448
15:37:07.886	228	-0.257511	-0.333827	-0.550647	-0.675781
15:37:08.886	229	-0.256693	-0.333964	-0.550125	-0.67592
15:37:09.886	230	-0.25584	-0.334241	-0.549665	-0.676137
15:37:10.886	231	-0.255	-0.334526	-0.549472	-0.675886
15:37:11.886	232	-0.254297	-0.334819	-0.549469	-0.676017
15:37:12.886	233	-0.253535	-0.334942	-0.549145	-0.676358
15:37:13.886	234	-0.252325	-0.33498	-0.548877	-0.676412
15:37:14.886	235	-0.25088	-0.335456	-0.548703	-0.676176
15:37:15.886	236	-0.249662	-0.335896	-0.5483	-0.675784
15:37:16.886	237	-0.248727	-0.336224	-0.547834	-0.675102
15:37:17.886	238	-0.247966	-0.336439	-0.547666	-0.674702
15:37:18.886	239	-0.24724	-0.336223	-0.547486	-0.673569
15:37:19.886	240	-0.246932	-0.336368	-0.547083	-0.672829
15:37:20.886	241	-0.246275	-0.336427	-0.546901	-0.671631
15:37:21.886	242	-0.245652	-0.336339	-0.546442	-0.670953
15:37:22.886	243	-0.245236	-0.336565	-0.546162	-0.669834
15:37:23.886	244	-0.244367	-0.336591	-0.545833	-0.668496
15:37:24.886	245	-0.243682	-0.336608	-0.545382	-0.667152
15:37:25.886	246	-0.242603	-0.336617	-0.544842	-0.664647
15:37:26.886	247	-0.241993	-0.336777	-0.544517	-0.66253
15:37:27.886	248	-0.241828	-0.336597	-0.54355	-0.660138
15:37:28.886	249	-0.241187	-0.33671	-0.543419	-0.657843
15:37:29.886	250	-0.240447	-0.336106	-0.543269	-0.655341
15:37:30.886	251	-0.239865	-0.336197	-0.54264	-0.652009
15:37:31.886	252	-0.239536	-0.336608	-0.542157	-0.649043
15:37:32.886	253	-0.239399	-0.337041	-0.541594	-0.644999
15:37:33.886	254	-0.239181	-0.338149	-0.540806	-0.640512
15:37:34.886	255	-0.238115	-0.338844	-0.540297	-0.63623
15:37:35.886	256	-0.237911	-0.339086	-0.539797	-0.631896
15:37:36.886	257	-0.237353	-0.339116	-0.53973	-0.627283
15:37:37.886	258	-0.237393	-0.339372	-0.539753	-0.623395
15:37:38.886	259	-0.237285	-0.339126	-0.538647	-0.618035
15:37:39.886	260	-0.236953	-0.338722	-0.53789	-0.612504
15:37:40.886	261	-0.236618	-0.338394	-0.537272	-0.607136
15:37:41.886	262	-0.235993	-0.33802	-0.536879	-0.601784
15:37:42.886	263	-0.236184	-0.33802	-0.537008	-0.597087
15:37:43.886	264	-0.234837	-0.341708	-0.537081	-0.593439
15:37:44.886	265	-0.234231	-0.343855	-0.53671	-0.589108
15:37:45.886	266	-0.234666	-0.343394	-0.536184	-0.583753
15:37:46.886	267	-0.235433	-0.342873	-0.535917	-0.577891
15:37:47.886	268	-0.236555	-0.342225	-0.535565	-0.572595
15:37:48.886	269	-0.236924	-0.340664	-0.535037	-0.566482
15:37:49.886	270	-0.237065	-0.339252	-0.5343	-0.559746
15:37:50.886	271	-0.236939	-0.337451	-0.533041	-0.552622
15:37:51.886	272	-0.236985	-0.335595	-0.532336	-0.544591
15:37:52.886	273	-0.236143	-0.334508	-0.531196	-0.535891
15:37:53.886	274	-0.236	-0.333915	-0.530335	-0.527103
15:37:54.886	275	-0.235984	-0.333365	-0.529287	-0.518313
15:37:55.886	276	-0.235861	-0.333615	-0.528057	-0.508332
15:37:56.886	277	-0.235426	-0.333377	-0.526933	-0.498698
15:37:57.886	278	-0.235489	-0.33297	-0.525377	-0.488853
15:37:58.886	279	-0.23487	-0.333056	-0.524385	-0.478949
15:37:59.886	280	-0.234664	-0.332797	-0.522749	-0.468758
15:38:00.886	281	-0.23394	-0.33425	-0.522039	-0.458853
15:38:01.886	282	-0.232643	-0.335585	-0.521411	-0.449812
15:38:02.886	283	-0.23189	-0.335701	-0.520276	-0.439727
15:38:03.886	284	-0.231731	-0.336103	-0.519522	-0.430885
15:38:04.886	285	-0.23201	-0.335959	-0.51864	-0.421867
15:38:05.886	286	-0.23212	-0.335609	-0.5179	-0.412906
15:38:06.886	287	-0.231908	-0.335108	-0.516828	-0.403311
15:38:07.886	288	-0.23184	-0.334333	-0.515994	-0.394202
15:38:08.886	289	-0.231872	-0.333697	-0.515045	-0.385122
15:38:09.886	290	-0.231701	-0.332631	-0.5137	-0.37564
15:38:10.886	291	-0.230921	-0.331761	-0.512778	-0.366167
15:38:11.886	292	-0.231295	-0.331006	-0.511894	-0.356826
15:38:12.886	293	-0.230769	-0.330456	-0.511461	-0.34681
15:38:13.886	294	-0.230173	-0.329879	-0.510073	-0.336329
15:38:14.886	295	-0.229769	-0.329004	-0.508511	-0.326191
15:38:15.886	296	-0.229383	-0.328112	-0.507052	-0.316149
15:38:16.886	297	-0.229672	-0.327371	-0.50582	-0.306763
15:38:17.886	298	-0.229332	-0.326017	-0.504787	-0.297359
15:38:18.886	299	-0.22892	-0.325194	-0.503601	-0.288628
15:38:19.886	300	-0.22928	-0.324353	-0.502439	-0.280016
15:38:20.886	301	-0.229275	-0.323341	-0.501064	-0.271494
15:38:21.886	302	-0.229349	-0.322062	-0.499246	-0.262863
15:38:22.886	303	-0.229238	-0.321401	-0.498175	-0.255178
15:38:23.886	304	-0.229245	-0.320397	-0.497203	-0.248025
15:38:24.886	305	-0.229343	-0.3193	-0.496239	-0.241109
15:38:25.886	306	-0.229281	-0.318082	-0.495162	-0.235079
15:38:26.886	307	-0.229086	-0.31702	-0.494544	-0.229509
15:38:27.886	308	-0.228408	-0.315638	-0.493575	-0.224222
15:38:28.886	309	-0.228405	-0.314845	-0.492632	-0.219041
15:38:29.886	310	-0.228038	-0.31377	-0.491493	-0.21451
15:38:30.886	311	-0.227658	-0.312689	-0.490761	-0.210287
15:38:31.886	312	-0.227747	-0.312145	-0.489817	-0.207166
15:38:32.886	313	-0.227559	-0.310952	-0.488815	-0.203847
15:38:33.886	314	-0.22741	-0.310175	-0.488296	-0.200625
15:38:34.886	315	-0.227234	-0.308703	-0.487276	-0.198418
15:38:35.886	316	-0.227286	-0.307435	-0.486208	-0.19618
15:38:36.886	317	-0.227202	-0.306496	-0.48567	-0.193878
15:38:37.886	318	-0.227054	-0.305583	-0.484534	-0.191994
15:38:38.886	319	-0.226938	-0.304865	-0.483594	-0.189585
15:38:39.886	320	-0.226711	-0.304736	-0.483075	-0.187964
15:38:40.886	321	-0.226591	-0.30472	-0.482047	-0.186999
15:38:41.886	322	-0.226238	-0.304813	-0.481019	-0.185662
15:38:42.886	323	-0.225888	-0.304027	-0.480181	-0.184292
15:38:43.886	324	-0.22527	-0.303393	-0.479782	-0.184042
15:38:44.886	325	-0.225182	-0.30199	-0.4792	-0.183383
15:38:45.886	326	-0.225112	-0.300583	-0.478435	-0.182318
15:38:46.886	327	-0.224567	-0.3005	-0.477974	-0.182613
15:38:47.886	328	-0.224152	-0.299858	-0.477399	-0.181881
15:38:48.886	329	-0.223946	-0.299322	-0.476979	-0.181714
15:38:49.886	330	-0.223851	-0.2987	-0.47614	-0.180952
15:38:50.886	331	-0.223745	-0.29828	-0.475554	-0.181066
15:38:51.886	332	-0.22396	-0.297915	-0.474834	-0.180612
15:38:52.886	333	-0.223815	-0.297429	-0.474135	-0.180341
15:38:53.886	334	-0.223473	-0.296551	-0.473803	-0.180214
15:38:54.886	335	-0.223414	-0.295621	-0.473277	-0.180263
15:38:55.886	336	-0.22291	-0.294197	-0.472967	-0.180452
15:38:56.886	337	-0.223094	-0.292219	-0.472146	-0.180463
15:38:57.886	338	-0.223308	-0.290367	-0.471502	-0.179885
15:38:58.886	339	-0.223803	-0.288093	-0.471	-0.179632
15:38:59.886	340	-0.223918	-0.285622	-0.470448	-0.17908
15:39:00.886	341	-0.224509	-0.283316	-0.470066	-0.178622
15:39:01.886	342	-0.224617	-0.281004	-0.469463	-0.17867
15:39:02.886	343	-0.224323	-0.279551	-0.469449	-0.18086
15:39:03.886	344	-0.224188	-0.277748	-0.470234	-0.183799
15:39:04.886	345	-0.223959	-0.275357	-0.470175	-0.185727
15:39:05.886	346	-0.224341	-0.27274	-0.470116	-0.186458
15:39:06.886	347	-0.224321	-0.270256	-0.469247	-0.186847
15:39:07.886	348	-0.224193	-0.268048	-0.468786	-0.186395
15:39:08.886	349	-0.224123	-0.265752	-0.468504	-0.186745
15:39:09.886	350	-0.223919	-0.26331	-0.467849	-0.186707
15:39:10.886	351	-0.224017	-0.260897	-0.467553	-0.186523
15:39:11.886	352	-0.223565	-0.258084	-0.467044	-0.185855
15:39:12.886	353	-0.223239	-0.255463	-0.466441	-0.18565
15:39:13.886	354	-0.223289	-0.2541	-0.466	-0.185794
15:39:14.886	355	-0.223352	-0.252189	-0.465037	-0.184781
15:39:15.886	356	-0.22334	-0.25054	-0.464348	-0.184015
15:39:16.886	357	-0.223358	-0.249149	-0.463569	-0.18348
15:39:17.886	358	-0.224043	-0.24809	-0.462922	-0.18281
15:39:18.886	359	-0.224331	-0.247918	-0.462364	-0.182349
15:39:19.886	360	-0.224153	-0.247904	-0.461845	-0.181696
15:39:20.886	361	-0.224126	-0.249042	-0.461234	-0.181683
15:39:21.886	362	-0.223884	-0.251128	-0.460729	-0.180653
15:39:22.886	363	-0.224236	-0.254592	-0.459624	-0.17942
15:39:23.886	364	-0.224027	-0.259917	-0.457883	-0.177777
15:39:24.886	365	-0.223686	-0.266726	-0.457884	-0.177381
15:39:25.886	366	-0.223849	-0.273568	-0.457122	-0.177169
15:39:26.886	367	-0.223636	-0.279528	-0.456872	-0.176594
15:39:27.886	368	-0.223348	-0.28475	-0.456556	-0.17671
15:39:28.886	369	-0.223479	-0.288617	-0.455211	-0.175043
15:39:29.886	370	-0.223853	-0.291844	-0.455226	-0.175349
15:39:30.886	371	-0.22398	-0.293616	-0.455235	-0.175939
15:39:31.886	372	-0.223988	-0.293505	-0.455556	-0.17663
15:39:32.886	373	-0.224044	-0.291897	-0.455333	-0.176857
15:39:33.886	374	-0.223941	-0.289298	-0.454836	-0.17671
15:39:34.886	375	-0.224192	-0.284892	-0.454156	-0.176857
15:39:35.886	376	-0.223743	-0.27905	-0.454037	-0.177193
15:39:36.886	377	-0.223446	-0.27196	-0.45371	-0.177364
15:39:37.886	378	-0.223602	-0.264024	-0.452502	-0.177044
15:39:38.886	379	-0.223932	-0.258272	-0.452453	-0.177499
15:39:39.886	380	-0.223948	-0.251938	-0.451932	-0.176709
15:39:40.886	381	-0.223947	-0.244624	-0.451624	-0.176573
15:39:41.886	382	-0.223935	-0.236978	-0.451454	-0.176756
15:39:42.886	383	-0.223544	-0.229315	-0.450967	-0.176512
15:39:43.886	384	-0.223393	-0.222348	-0.451066	-0.176758
15:39:44.886	385	-0.222777	-0.216069	-0.450771	-0.176808
15:39:45.886	386	-0.222858	-0.21	-0.450666	-0.17672
15:39:46.886	387	-0.222682	-0.204215	-0.450296	-0.177136
15:39:47.886	388	-0.22254	-0.198737	-0.450192	-0.177016
15:39:48.886	389	-0.222537	-0.194353	-0.450189	-0.177922
15:39:49.886	390	-0.222425	-0.190668	-0.44947	-0.177862
15:39:50.886	391	-0.222567	-0.187731	-0.44844	-0.177354
15:39:51.886	392	-0.222656	-0.184803	-0.447854	-0.177924
15:39:52.886	393	-0.222757	-0.182491	-0.447689	-0.177336
15:39:53.886	394	-0.22301	-0.180731	-0.447129	-0.176767
15:39:54.886	395	-0.223354	-0.179208	-0.446761	-0.175643
15:39:55.886	396	-0.223209	-0.178347	-0.446032	-0.174865
15:39:56.886	397	-0.223055	-0.177584	-0.445622	-0.174919
15:39:57.886	398	-0.222769	-0.176988	-0.445403	-0.174966
15:39:58.886	399	-0.222588	-0.176645	-0.44444	-0.174771
15:39:59.886	400	-0.22284	-0.17677	-0.444271	-0.174867
15:40:00.886	401	-0.222688	-0.176944	-0.443061	-0.174444
15:40:01.886	402	-0.222512	-0.177478	-0.440692	-0.173948
15:40:02.886	403	-0.222648	-0.178149	-0.434308	-0.173501
15:40:03.886	404	-0.222967	-0.178742	-0.416846	-0.173143
15:40:04.886	405	-0.222635	-0.179466	-0.404483	-0.173234
15:40:05.886	406	-0.22259	-0.180536	-0.414851	-0.172216
15:40:06.886	407	-0.222351	-0.181971	-0.41774	-0.17143
15:40:07.886	408	-0.222296	-0.184074	-0.432304	-0.171453
15:40:08.886	409	-0.222551	-0.18763	-0.433654	-0.171202
15:40:09.886	410	-0.222821	-0.191823	-0.437582	-0.171312
15:40:10.886	411	-0.222954	-0.198898	-0.43907	-0.170679
15:40:11.886	412	-0.222839	-0.210842	-0.439018	-0.170987
15:40:12.886	413	-0.223219	-0.226208	-0.439913	-0.171158
15:40:13.886	414	-0.223649	-0.241922	-0.440533	-0.171204
15:40:14.886	415	-0.223888	-0.256008	-0.440309	-0.17168
15:40:15.886	416	-0.223312	-0.268419	-0.44044	-0.171464
15:40:16.886	417	-0.223138	-0.277235	-0.439933	-0.171208
15:40:17.886	418	-0.223486	-0.281088	-0.439595	-0.170815
15:40:18.886	419	-0.223869	-0.28083	-0.43839	-0.169645
15:40:19.886	420	-0.224092	-0.277093	-0.437361	-0.169014
15:40:20.886	421	-0.224234	-0.271213	-0.436905	-0.169015
15:40:21.886	422	-0.224444	-0.262192	-0.437274	-0.169409
15:40:22.886	423	-0.224452	-0.250653	-0.436799	-0.169352
15:40:23.886	424	-0.22504	-0.237895	-0.43718	-0.169191
15:40:24.886	425	-0.225239	-0.225072	-0.437195	-0.169064
15:40:25.886	426	-0.225464	-0.211179	-0.436016	-0.169341
15:40:26.886	427	-0.225783	-0.193618	-0.435282	-0.170239
15:40:27.886	428	-0.226352	-0.175739	-0.435305	-0.171883
15:40:28.886	429	-0.227024	-0.162656	-0.434817	-0.17321
15:40:29.886	430	-0.227413	-0.153956	-0.434065	-0.173622
15:40:30.886	431	-0.227852	-0.147156	-0.434987	-0.173381
15:40:31.886	432	-0.227796	-0.143059	-0.434792	-0.1729
15:40:32.886	433	-0.228333	-0.140839	-0.432787	-0.172308
15:40:33.886	434	-0.228483	-0.139587	-0.43267	-0.17196
15:40:34.886	435	-0.228108	-0.13896	-0.432434	-0.172483
15:40:35.886	436	-0.228099	-0.138374	-0.430811	-0.17162
15:40:36.886	437	-0.227915	-0.137863	-0.43313	-0.171322
15:40:37.886	438	-0.227968	-0.137368	-0.432098	-0.171226
15:40:38.886	439	-0.227885	-0.137113	-0.432506	-0.170588
15:40:39.886	440	-0.227745	-0.137068	-0.432306	-0.171126
15:40:40.886	441	-0.227697	-0.136953	-0.430641	-0.171255
15:40:41.886	442	-0.227238	-0.136767	-0.428778	-0.171267
15:40:42.886	443	-0.227206	-0.136854	-0.426822	-0.17011
15:40:43.886	444	-0.227193	-0.136887	-0.426596	-0.170096
15:40:44.886	445	-0.227502	-0.136951	-0.429998	-0.169498
15:40:45.886	446	-0.227456	-0.137277	-0.431016	-0.169471
15:40:46.886	447	-0.227346	-0.137733	-0.43365	-0.169494
15:40:47.886	448	-0.227304	-0.138402	-0.433209	-0.169565
15:40:48.886	449	-0.227176	-0.138796	-0.433836	-0.169442
15:40:49.886	450	-0.227032	-0.139027	-0.434438	-0.16893
15:40:50.886	451	-0.226983	-0.139686	-0.434328	-0.16858
15:40:51.886	452	-0.226992	-0.140044	-0.434992	-0.168458
15:40:52.886	453	-0.226439	-0.140293	-0.435065	-0.168429
15:40:53.886	454	-0.226149	-0.141248	-0.435088	-0.168275
15:40:54.886	455	-0.22599	-0.14208	-0.43501	-0.167706
15:40:55.886	456	-0.225609	-0.143334	-0.434992	-0.16705
15:40:56.886	457	-0.225625	-0.144135	-0.434754	-0.166879
15:40:57.886	458	-0.225728	-0.145143	-0.434778	-0.16639
15:40:58.886	459	-0.22575	-0.146411	-0.434903	-0.166191
15:40:59.886	460	-0.225209	-0.147477	-0.434413	-0.165613
15:41:00.886	461	-0.225746	-0.148475	-0.434347	-0.165305
15:41:01.886	462	-0.225366	-0.149512	-0.434078	-0.164896
15:41:02.886	463	-0.225358	-0.151163	-0.434149	-0.165149
15:41:03.886	464	-0.225113	-0.153897	-0.434056	-0.16488
15:41:04.886	465	-0.225124	-0.158781	-0.434061	-0.164603
15:41:05.886	466	-0.225069	-0.16719	-0.433533	-0.16436
15:41:06.886	467	-0.224735	-0.181579	-0.433341	-0.163595
15:41:07.886	468	-0.224857	-0.199193	-0.433254	-0.162596
15:41:08.886	469	-0.224503	-0.217936	-0.433213	-0.162403
15:41:09.886	470	-0.224457	-0.236706	-0.432912	-0.162113
15:41:10.886	471	-0.224704	-0.250915	-0.432469	-0.161734
15:41:11.886	472	-0.224966	-0.261359	-0.43193	-0.161116
15:41:12.886	473	-0.225191	-0.266203	-0.43184	-0.160816
15:41:13.886	474	-0.225611	-0.263966	-0.432189	-0.16128
15:41:14.886	475	-0.225749	-0.254863	-0.432697	-0.161095
15:41:15.886	476	-0.225744	-0.241574	-0.432476	-0.16101
15:41:16.886	477	-0.225828	-0.224417	-0.432433	-0.161132
15:41:17.886	478	-0.225346	-0.204946	-0.432034	-0.160819
15:41:18.886	479	-0.225888	-0.184294	-0.43248	-0.161107
15:41:19.886	480	-0.22584	-0.164113	-0.432279	-0.160989
15:41:20.886	481	-0.226132	-0.14511	-0.431977	-0.160385
15:41:21.886	482	-0.226195	-0.130533	-0.431573	-0.159461
15:41:22.886	483	-0.226188	-0.119709	-0.431445	-0.159177
15:41:23.886	484	-0.226403	-0.112141	-0.431556	-0.158745
15:41:24.886	485	-0.226513	-0.107519	-0.431023	-0.157774
15:41:25.886	486	-0.22656	-0.1053	-0.430717	-0.157116
15:41:26.886	487	-0.226554	-0.103991	-0.429578	-0.156646
15:41:27.886	488	-0.227074	-0.10406	-0.428863	-0.155394
15:41:28.886	489	-0.227191	-0.104141	-0.428293	-0.154666
15:41:29.886	490	-0.226914	-0.104188	-0.428066	-0.15435
15:41:30.886	491	-0.227014	-0.103876	-0.426619	-0.15312
15:41:31.886	492	-0.226918	-0.103706	-0.428275	-0.154842
15:41:32.886	493	-0.226973	-0.104293	-0.428978	-0.155092
15:41:33.886	494	-0.227164	-0.104593	-0.428995	-0.155388
15:41:34.886	495	-0.227408	-0.104821	-0.429089	-0.155122
15:41:35.886	496	-0.227607	-0.105165	-0.429208	-0.155068
15:41:36.886	497	-0.227627	-0.105218	-0.428038	-0.154045
15:41:37.886	498	-0.227634	-0.105378	-0.427899	-0.154225
15:41:38.886	499	-0.227185	-0.105472	-0.428462	-0.15436
15:41:39.886	500	-0.227172	-0.105805	-0.428583	-0.154694
15:41:40.886	501	-0.226991	-0.106205	-0.428943	-0.154296
15:41:41.886	502	-0.227042	-0.10672	-0.428961	-0.154374
15:41:42.886	503	-0.2272	-0.107008	-0.42875	-0.154081
15:41:43.886	504	-0.227421	-0.107781	-0.42882	-0.15394
15:41:44.886	505	-0.227381	-0.10834	-0.429033	-0.153652
15:41:45.886	506	-0.227723	-0.109033	-0.428973	-0.1535
15:41:46.886	507	-0.228035	-0.109501	-0.428868	-0.152983
15:41:47.886	508	-0.227944	-0.109762	-0.428932	-0.152914
15:41:48.886	509	-0.227667	-0.110845	-0.428947	-0.152763
15:41:49.886	510	-0.227951	-0.114059	-0.429257	-0.15294
15:41:50.886	511	-0.228998	-0.117183	-0.429164	-0.153051
15:41:51.886	512	-0.229747	-0.119067	-0.429505	-0.153529
15:41:52.886	513	-0.230076	-0.119873	-0.429525	-0.152992
15:41:53.886	514	-0.230192	-0.120908	-0.429595	-0.153634
15:41:54.886	515	-0.230359	-0.122085	-0.429769	-0.153717
15:41:55.886	516	-0.230842	-0.122619	-0.42959	-0.154412
15:41:56.886	517	-0.23061	-0.123085	-0.429693	-0.154585
15:41:57.886	518	-0.23102	-0.124155	-0.429727	-0.154692
15:41:58.886	519	-0.231224	-0.124554	-0.429833	-0.154596
15:41:59.886	520	-0.23131	-0.125297	-0.428864	-0.153877
15:42:00.886	521	-0.231328	-0.126312	-0.428219	-0.152643
15:42:01.886	522	-0.231544	-0.127419	-0.428574	-0.153056
15:42:02.886	523	-0.231248	-0.128433	-0.428945	-0.153071
15:42:03.886	524	-0.230895	-0.129118	-0.429154	-0.152878
15:42:04.886	525	-0.230777	-0.13039	-0.429053	-0.153008
15:42:05.886	526	-0.231205	-0.131669	-0.429463	-0.152855
15:42:06.886	527	-0.231583	-0.13253	-0.429089	-0.152405
15:42:07.886	528	-0.231904	-0.134063	-0.428811	-0.152051
15:42:08.886	529	-0.232268	-0.135924	-0.428963	-0.151695
15:42:09.886	530	-0.232414	-0.138356	-0.429368	-0.15188
15:42:10.886	531	-0.232522	-0.141646	-0.427823	-0.150065
15:42:11.886	532	-0.232551	-0.147461	-0.428151	-0.150386
15:42:12.886	533	-0.232383	-0.154969	-0.42777	-0.149946
