TimeOfDay	Time	E1_L13.1	E2_L08.1CG_Col0	E3_L08.2CG_example1	E4_L13.2
14:23:14.770	0	-0.000366878	-0.00219288	-0.0136764	0.00172716
14:23:15.770	1	-0.000568798	-0.00228569	-0.0130762	0.00211414
14:23:16.770	2	-0.000819161	-0.00262089	-0.0127069	0.00219415
14:23:17.770	3	-0.000367932	-0.00309984	-0.0133512	0.00216329
14:23:18.770	4	4.69863e-05	-0.0037974	-0.0149392	0.00170464
14:23:19.770	5	0.000273724	-0.00405748	-0.0157534	0.00162675
14:23:20.770	6	0.000171602	-0.00405367	-0.0151953	0.00192419
14:23:21.770	7	0.000160594	-0.00450014	-0.0149385	0.00202449
14:23:22.770	8	0.000323198	-0.00474234	-0.0154904	0.00197
14:23:23.770	9	0.00038496	-0.00511592	-0.0162137	0.00184153
14:23:24.770	10	0.000440756	-0.00530503	-0.0167486	0.00198814
14:23:25.770	11	0.000455439	-0.00521496	-0.0168836	0.00177239
14:23:26.770	12	0.000388898	-0.00525621	-0.0162374	0.00184327
14:23:27.770	13	0.00076454	-0.00536168	-0.0163432	0.00201091
14:23:28.770	14	0.00107045	-0.00524415	-0.0167752	0.00254223
14:23:29.770	15	0.00122418	-0.00510112	-0.0161327	0.00289061
14:23:30.770	16	0.00154398	-0.00511076	-0.016141	0.00328277
14:23:31.770	17	0.00135288	-0.0053833	-0.0164762	0.0034281
14:23:32.770	18	0.0014366	-0.00557993	-0.0161918	0.00395963
14:23:33.770	19	0.00188502	-0.00540406	-0.0162836	0.0044623
14:23:34.770	20	0.00214821	-0.00574973	-0.0167425	0.00469422
14:23:35.770	21	0.0021384	-0.00580809	-0.0165538	0.00496564
14:23:36.770	22	0.00221313	-0.00602287	-0.0163035	0.00532204
14:23:37.770	23	0.0024475	-0.00578736	-0.0159524	0.00541761
14:23:38.770	24	0.00240766	-0.00596288	-0.0159687	0.00549166
14:23:39.770	25	0.00260173	-0.00611499	-0.0164256	0.00572564
14:23:40.770	26	0.00261333	-0.00613927	-0.0158342	0.00599766
14:23:41.770	27	0.00272315	-0.00642383	-0.0161485	0.00625861
14:23:42.770	28	0.00284082	-0.00725482	-0.0161166	0.00647443
14:23:43.770	29	0.00320709	-0.0078237	-0.0162065	0.00661406
14:23:44.770	30	0.00366236	-0.0079751	-0.0162229	0.00670363
14:23:45.770	31	0.00417536	-0.00843451	-0.0168284	0.00694292
14:23:46.770	32	0.00442538	-0.00858834	-0.0169725	0.00704654
14:23:47.770	33	0.00470393	-0.00901475	-0.0171441	0.00749025
14:23:48.770	34	0.00487782	-0.0090532	-0.0176961	0.00753209
14:23:49.770	35	0.00550648	-0.00919942	-0.0180479	0.00714466
14:23:50.770	36	0.00600163	-0.00944422	-0.0184333	0.00732748
14:23:51.770	37	0.00622124	-0.00908355	-0.0180202	0.00716388
14:23:52.770	38	0.00635758	-0.00905388	-0.018386	0.00713693
14:23:53.770	39	0.0062932	-0.0091241	-0.0185265	0.00701595
14:23:54.770	40	0.00626789	-0.00905634	-0.0182197	0.00684701
14:23:55.770	41	0.00636622	-0.00926833	-0.0182533	0.00683499
14:23:56.770	42	0.00622516	-0.00922189	-0.0182422	0.00661213
14:23:57.770	43	0.00643378	-0.00932547	-0.0184986	0.00663173
14:23:58.770	44	0.00679349	-0.00910736	-0.018405	0.00652138
14:23:59.770	45	0.00720203	-0.00944576	-0.0186577	0.00643136
14:24:00.770	46	0.00697325	-0.00950661	-0.0187245	0.00637459
14:24:01.770	47	0.00703437	-0.00980275	-0.0190585	0.00623731
14:24:02.770	48	0.00675207	-0.00974945	-0.0191966	0.00628689
14:24:03.770	49	0.00691234	-0.00987545	-0.0188422	0.00652944
14:24:04.770	50	0.00675497	-0.00995797	-0.0188331	0.00647908
14:24:05.770	51	0.00670578	-0.00998535	-0.0186078	0.00640011
14:24:06.770	52	0.00682961	-0.0102426	-0.0191089	0.00601114
14:24:07.770	53	0.00679614	-0.0105525	-0.019258	0.00570089
14:24:08.770	54	0.00630304	-0.0108578	-0.0198053	0.00540298
14:24:09.770	55	0.00603024	-0.0109222	-0.0198984	0.00511384
14:24:10.770	56	0.00594315	-0.0110484	-0.0198877	0.00497773
14:24:11.770	57	0.00530629	-0.0110925	-0.0202125	0.00454237
14:24:12.770	58	0.00562061	-0.0114727	-0.0203058	0.00445099
14:24:13.770	59	0.00518491	-0.0122605	-0.0203395	0.00439218
14:24:14.770	60	0.00522497	-0.012477	-0.0206804	0.00404243
14:24:15.770	61	0.00489755	-0.0125744	-0.0207338	0.00407251
14:24:16.770	62	0.00488486	-0.0121743	-0.0207157	0.00388941
14:24:17.770	63	0.00469942	-0.012419	-0.0211372	0.0033133
14:24:18.770	64	0.00476687	-0.0126865	-0.0214926	0.00265562
14:24:19.770	65	0.00461672	-0.0127661	-0.0217408	0.00223305
14:24:20.770	66	0.00521602	-0.0135627	-0.0215663	0.00201776
14:24:21.770	67	0.00594133	-0.0132604	-0.021769	0.00165336
14:24:22.770	68	0.00561271	-0.0136238	-0.0222623	0.00152951
14:24:23.770	69	0.00593566	-0.013446	-0.0223322	0.00136142
14:24:24.770	70	0.00599326	-0.0136672	-0.022699	0.000731049
14:24:25.770	71	0.00615739	-0.0136215	-0.0232926	0.000618932
14:24:26.770	72	0.00565126	-0.0139525	-0.0237101	9.06967e-05
14:24:27.770	73	0.00574803	-0.0139195	-0.0234636	-0.000139661
14:24:28.770	74	0.00544208	-0.0141293	-0.0241736	-0.000318605
14:24:29.770	75	0.00586512	-0.0146785	-0.0246417	-0.000477188
14:24:30.770	76	0.00642254	-0.0151892	-0.0248155	-0.00064362
14:24:31.770	77	0.00681973	-0.015965	-0.0250343	-0.000537815
14:24:32.770	78	0.00699912	-0.0169467	-0.0250913	-0.000897271
14:24:33.770	79	0.00712954	-0.018133	-0.0251756	-0.000848251
14:24:34.770	80	0.007889	-0.0188343	-0.0260809	-0.00139047
14:24:35.770	81	0.00793799	-0.0187289	-0.0263756	-0.00188507
14:24:36.770	82	0.00821448	-0.0182441	-0.0268383	-0.00217022
14:24:37.770	83	0.00849924	-0.0187725	-0.0266224	-0.00252303
14:24:38.770	84	0.00868055	-0.019174	-0.0269226	-0.00252863
14:24:39.770	85	0.0084288	-0.0193041	-0.0271593	-0.00278522
14:24:40.770	86	0.0088948	-0.0195736	-0.0271368	-0.00307873
14:24:41.770	87	0.00922875	-0.0192387	-0.0273889	-0.00331734
14:24:42.770	88	0.00938467	-0.0196004	-0.0276951	-0.00415914
14:24:43.770	89	0.00942481	-0.0204072	-0.0282975	-0.00486024
14:24:44.770	90	0.00912216	-0.0222001	-0.0284334	-0.00509721
14:24:45.770	91	0.00891099	-0.0237552	-0.0286082	-0.0052649
14:24:46.770	92	0.00852087	-0.027509	-0.029024	-0.00532581	F1
14:24:47.770	93	0.0139373	-0.0753892	-0.0290736	-0.00572582
14:24:48.770	94	0.0141831	-0.106309	-0.0291199	-0.00587399	F1
14:24:49.770	95	0.0139963	-0.123686	-0.0289422	-0.00575182
14:24:50.770	96	0.0131112	-0.20475	-0.0289099	-0.00592113
14:24:51.770	97	0.0124901	-0.323512	-0.0293543	-0.00640269
14:24:52.770	98	0.0120708	-0.502362	-0.0299042	-0.00662929	F1
14:24:53.770	99	0.0114354	-0.736109	-0.0569099	-0.00243908
14:24:54.770	100	0.0117541	-0.812079	-0.049072	-0.00468836	F1
14:24:55.770	101	0.0120134	-0.776935	-0.0465554	-0.00310859
14:24:56.770	102	0.0121849	-0.717198	-0.053743	-0.00306592
14:24:57.770	103	0.0120147	-0.666807	-0.0527868	-0.00388611
14:24:58.770	104	0.011732	-0.614583	-0.0551115	-0.00459863
14:24:59.770	105	0.0111589	-0.562335	-0.0569935	-0.00549723
14:25:00.770	106	0.010449	-0.512594	-0.0622188	-0.00628996
14:25:01.770	107	0.00952019	-0.478001	-0.0636676	-0.00742163
14:25:02.770	108	0.0091735	-0.494855	-0.0645214	-0.00792468
14:25:03.770	109	0.00857427	-0.570377	-0.0655456	-0.00814983
14:25:04.770	110	0.00840209	-0.687581	-0.0685733	-0.00831579
14:25:05.770	111	0.00857443	-0.82418	-0.0747283	-0.00881908
14:25:06.770	112	0.00872956	-0.921895	-0.101188	-0.00941134
14:25:07.770	113	0.00962094	-0.965491	-0.193869	-0.00987072
14:25:08.770	114	0.0101705	-0.963909	-0.416418	-0.0101194
14:25:09.770	115	0.00913507	-0.974465	-0.6702	-0.010252
14:25:10.770	116	0.00821408	-0.989288	-0.774306	-0.0104561
14:25:11.770	117	0.00791773	-1.00064	-0.780569	-0.0109285
14:25:12.770	118	0.00838161	-1.00656	-0.776981	-0.0116716
14:25:13.770	119	0.00871583	-1.01671	-0.776099	-0.0125069
14:25:14.770	120	0.00915953	-1.02389	-0.77955	-0.0129849
14:25:15.770	121	0.00972529	-1.02424	-0.789336	-0.0134694
14:25:16.770	122	0.0103167	-1.01927	-0.797423	-0.0143156
14:25:17.770	123	0.011824	-1.00792	-0.801956	-0.0148013
14:25:18.770	124	0.0141756	-0.991363	-0.803067	-0.0150171
14:25:19.770	125	0.0182852	-0.96583	-0.799604	-0.0151969
14:25:20.770	126	0.024289	-0.935631	-0.788702	-0.0152444
14:25:21.770	127	0.0339034	-0.90741	-0.767938	-0.0132365
14:25:22.770	128	0.0454212	-0.880835	-0.743638	-0.00049777
14:25:23.770	129	0.0593978	-0.856323	-0.711452	0.0181918
14:25:24.770	130	0.0751603	-0.833676	-0.683298	0.0334162
14:25:25.770	131	0.0964199	-0.80667	-0.657341	0.0472589
14:25:26.770	132	0.117564	-0.779977	-0.635411	0.0606707
14:25:27.770	133	0.143923	-0.74927	-0.616255	0.0709653
14:25:28.770	134	0.17813	-0.713179	-0.59073	0.0864295
14:25:29.770	135	0.223183	-0.667504	-0.554979	0.108834
14:25:30.770	136	0.260362	-0.623768	-0.509441	0.129767
14:25:31.770	137	0.278584	-0.587171	-0.469979	0.0856817
14:25:32.770	138	0.299103	-0.528374	-0.439694	-0.0262534
14:25:33.770	139	0.244943	-0.462674	-0.416613	-0.17002
14:25:34.770	140	-0.0107425	-0.422398	-0.40473	-0.319886
14:25:35.770	141	-0.356996	-0.407596	-0.394593	-0.521581
14:25:36.770	142	-0.365859	-0.3963	-0.385115	-0.614882
14:25:37.770	143	-0.313224	-0.387883	-0.373085	-0.600102
14:25:38.770	144	-0.290478	-0.380013	-0.362421	-0.57314
14:25:39.770	145	-0.28021	-0.373341	-0.353668	-0.556122
14:25:40.770	146	-0.276728	-0.367044	-0.346636	-0.54597
14:25:41.770	147	-0.273231	-0.357446	-0.342335	-0.542443
14:25:42.770	148	-0.268226	-0.346451	-0.338117	-0.540783
14:25:43.770	149	-0.263596	-0.335233	-0.334408	-0.540845
14:25:44.770	150	-0.2587	-0.323214	-0.331937	-0.541515
14:25:45.770	151	-0.262295	-0.321178	-0.329663	-0.54049
14:25:46.770	152	-0.268055	-0.322492	-0.327544	-0.538216
14:25:47.770	153	-0.273666	-0.324846	-0.325128	-0.534675
14:25:48.770	154	-0.27713	-0.325859	-0.322498	-0.530066
14:25:49.770	155	-0.277953	-0.326157	-0.319728	-0.524739
14:25:50.770	156	-0.278106	-0.326216	-0.316751	-0.518915
14:25:51.770	157	-0.277913	-0.325756	-0.313413	-0.511646
14:25:52.770	158	-0.276587	-0.324894	-0.310358	-0.504039
14:25:53.770	159	-0.274713	-0.323681	-0.307196	-0.496176
14:25:54.770	160	-0.27187	-0.322177	-0.302923	-0.486326
14:25:55.770	161	-0.269261	-0.320214	-0.298789	-0.475676
14:25:56.770	162	-0.266074	-0.318453	-0.293359	-0.462382
14:25:57.770	163	-0.26301	-0.316561	-0.289179	-0.449712
14:25:58.770	164	-0.259936	-0.315023	-0.285754	-0.435627
14:25:59.770	165	-0.256946	-0.313874	-0.283281	-0.420835
14:26:00.770	166	-0.254447	-0.3126	-0.280934	-0.402893
14:26:01.770	167	-0.252238	-0.31163	-0.278955	-0.382553
14:26:02.770	168	-0.250883	-0.310367	-0.276472	-0.357641
14:26:03.770	169	-0.249483	-0.30943	-0.274356	-0.328811
14:26:04.770	170	-0.249224	-0.308761	-0.272419	-0.298075
14:26:05.770	171	-0.248889	-0.309482	-0.271019	-0.264633
14:26:06.770	172	-0.249431	-0.309116	-0.269082	-0.230032
14:26:07.770	173	-0.250945	-0.309307	-0.267273	-0.195055
14:26:08.770	174	-0.253296	-0.310092	-0.26596	-0.16023
14:26:09.770	175	-0.257009	-0.309693	-0.26415	-0.12683
14:26:10.770	176	-0.260388	-0.308923	-0.263036	-0.0962951
14:26:11.770	177	-0.264428	-0.308624	-0.262008	-0.0682747
14:26:12.770	178	-0.26907	-0.30914	-0.261671	-0.0434462
14:26:13.770	179	-0.273846	-0.309766	-0.261615	-0.0213722
14:26:14.770	180	-0.27825	-0.311378	-0.261658	-0.00188697
14:26:15.770	181	-0.283183	-0.312197	-0.261261	0.0135412
14:26:16.770	182	-0.28766	-0.312286	-0.261188	0.0274352
14:26:17.770	183	-0.291504	-0.312474	-0.26124	0.0384396
14:26:18.770	184	-0.294749	-0.312212	-0.261726	0.0473743
14:26:19.770	185	-0.298202	-0.311691	-0.262361	0.054686
14:26:20.770	186	-0.300794	-0.311647	-0.262987	0.0602191
14:26:21.770	187	-0.302542	-0.312243	-0.26421	0.063982
14:26:22.770	188	-0.303361	-0.311952	-0.265194	0.0673582
14:26:23.770	189	-0.303425	-0.311471	-0.265349	0.0697052
14:26:24.770	190	-0.303066	-0.311127	-0.266226	0.0710871
14:26:25.770	191	-0.301284	-0.311073	-0.266833	0.0723745
14:26:26.770	192	-0.29979	-0.311822	-0.267496	0.0725617
14:26:27.770	193	-0.297134	-0.311788	-0.268168	0.0727
14:26:28.770	194	-0.293197	-0.310417	-0.269085	0.0722615
14:26:29.770	195	-0.287959	-0.308751	-0.269448	0.0716117
14:26:30.770	196	-0.281829	-0.307923	-0.269946	0.070625
14:26:31.770	197	-0.2749	-0.307774	-0.270311	0.0695155
14:26:32.770	198	-0.26667	-0.307113	-0.270845	0.0677937
14:26:33.770	199	-0.257453	-0.306556	-0.271549	0.0661861
14:26:34.770	200	-0.246903	-0.306484	-0.272018	0.0643872
14:26:35.770	201	-0.234923	-0.306131	-0.272047	0.0625754
14:26:36.770	202	-0.221664	-0.306528	-0.272312	0.0611758
14:26:37.770	203	-0.20663	-0.306545	-0.271734	0.0597477
14:26:38.770	204	-0.191469	-0.307168	-0.271554	0.0581491
14:26:39.770	205	-0.174656	-0.307928	-0.271565	0.0567459
14:26:40.770	206	-0.157486	-0.309236	-0.271462	0.055236
14:26:41.770	207	-0.140464	-0.310549	-0.271201	0.0541457
14:26:42.770	208	-0.123119	-0.310941	-0.271031	0.0526384
14:26:43.770	209	-0.105949	-0.312454	-0.270636	0.0508972
14:26:44.770	210	-0.0890427	-0.314705	-0.269509	0.0498565
14:26:45.770	211	-0.0730582	-0.31619	-0.269122	0.0482916
14:26:46.770	212	-0.0580942	-0.318295	-0.268543	0.0476611
14:26:47.770	213	-0.0429128	-0.320255	-0.268146	0.0460244
14:26:48.770	214	-0.029047	-0.322309	-0.267476	0.0449964
14:26:49.770	215	-0.0158415	-0.325182	-0.26702	0.0438131
14:26:50.770	216	-0.00280494	-0.330912	-0.266657	0.0423327
14:26:51.770	217	0.00817592	-0.340029	-0.266534	0.0411655
14:26:52.770	218	0.019204	-0.347379	-0.26644	0.0394049
14:26:53.770	219	0.0298675	-0.352578	-0.266281	0.0374909
14:26:54.770	220	0.0400585	-0.356677	-0.266183	0.0359041
14:26:55.770	221	0.0487581	-0.359352	-0.265893	0.034498
14:26:56.770	222	0.0571365	-0.361581	-0.265294	0.0329262
14:26:57.770	223	0.0646078	-0.363546	-0.264605	0.0309641
14:26:58.770	224	0.0703293	-0.365223	-0.264314	0.0295526
14:26:59.770	225	0.0747007	-0.367437	-0.263978	0.0278768
14:27:00.770	226	0.0790024	-0.369209	-0.264056	0.0262329
14:27:01.770	227	0.0821385	-0.37069	-0.263524	0.0247469
14:27:02.770	228	0.0840512	-0.373373	-0.263142	0.0230687
14:27:03.770	229	0.0849212	-0.375677	-0.262819	0.0211798
14:27:04.770	230	0.0850363	-0.377562	-0.262655	0.0196228
14:27:05.770	231	0.0848706	-0.379416	-0.262172	0.0179708
14:27:06.770	232	0.084377	-0.381277	-0.261531	0.0162008
14:27:07.770	233	0.0829378	-0.382878	-0.26137	0.0144252
14:27:08.770	234	0.0820963	-0.384568	-0.261292	0.0127989
14:27:09.770	235	0.0800618	-0.387216	-0.260514	0.0110962
14:27:10.770	236	0.0782374	-0.388815	-0.260141	0.00913968
14:27:11.770	237	0.0763647	-0.390882	-0.259631	0.00727657
14:27:12.770	238	0.0744587	-0.392123	-0.259363	0.00627115
14:27:13.770	239	0.0808168	-0.38459	-0.259138	0.00433884
14:27:14.770	240	0.0786529	-0.38639	-0.258953	0.00292732
14:27:15.770	241	0.0766735	-0.388275	-0.259031	0.00125541
14:27:16.770	242	0.074236	-0.389769	-0.258858	-8.34279e-05
14:27:17.770	243	0.0718814	-0.391166	-0.258769	-0.000765031
14:27:18.770	244	0.0694286	-0.39336	-0.259035	-0.00308281
14:27:19.770	245	0.0671752	-0.394633	-0.25925	-0.00442055
14:27:20.770	246	0.0646836	-0.395969	-0.258788	-0.00594568
14:27:21.770	247	0.0623993	-0.39727	-0.258763	-0.00783184
14:27:22.770	248	0.0598271	-0.398307	-0.25884	-0.00940743
14:27:23.770	249	0.0575598	-0.399231	-0.258575	-0.0108308
14:27:24.770	250	0.0548679	-0.400455	-0.258822	-0.0121162
14:27:25.770	251	0.0524851	-0.400776	-0.258507	-0.0136068
14:27:26.770	252	0.0506034	-0.401177	-0.258797	-0.0151963
14:27:27.770	253	0.04843	-0.402	-0.25818	-0.0162601
14:27:28.770	254	0.045958	-0.402372	-0.257779	-0.0173927
14:27:29.770	255	0.0436865	-0.402809	-0.257727	-0.0187593
14:27:30.770	256	0.0415003	-0.403328	-0.257414	-0.0202732
14:27:31.770	257	0.0388419	-0.404449	-0.257229	-0.021505
14:27:32.770	258	0.0367542	-0.405129	-0.256934	-0.0229494
14:27:33.770	259	0.0345641	-0.40564	-0.25667	-0.02465
14:27:34.770	260	0.0328663	-0.40559	-0.256475	-0.0259769
14:27:35.770	261	0.0307166	-0.405839	-0.256587	-0.0277782
14:27:36.770	262	0.0288895	-0.406161	-0.256536	-0.0288428
14:27:37.770	263	0.0270136	-0.406717	-0.256377	-0.0297645
14:27:38.770	264	0.0252397	-0.406554	-0.256287	-0.0311445
14:27:39.770	265	0.023077	-0.406803	-0.25614	-0.0324268
14:27:40.770	266	0.0212839	-0.406986	-0.256137	-0.0335099
14:27:41.770	267	0.0194831	-0.407172	-0.256067	-0.0343599
14:27:42.770	268	0.0177432	-0.406315	-0.25592	-0.0353691
14:27:43.770	269	0.0163196	-0.406197	-0.25537	-0.0368798
14:27:44.770	270	0.0142984	-0.406523	-0.254988	-0.038001
14:27:45.770	271	0.0126203	-0.405917	-0.254685	-0.0390778
14:27:46.770	272	0.0112297	-0.405685	-0.254039	-0.0400922
14:27:47.770	273	0.00930284	-0.405895	-0.253634	-0.0412349
14:27:48.770	274	0.00723023	-0.405933	-0.253716	-0.0425257
14:27:49.770	275	0.0061555	-0.405787	-0.25317	-0.043993
14:27:50.770	276	0.00502515	-0.405738	-0.25266	-0.0452623
14:27:51.770	277	0.00354372	-0.405458	-0.252482	-0.0457391
14:27:52.770	278	0.00225741	-0.40512	-0.252077	-0.0470205
14:27:53.770	279	0.000791514	-0.405042	-0.252034	-0.048219
14:27:54.770	280	-0.000207471	-0.404615	-0.251513	-0.0494631
14:27:55.770	281	-0.00203099	-0.404163	-0.251621	-0.0505904
14:27:56.770	282	-0.00384561	-0.404387	-0.251542	-0.0519695
14:27:57.770	283	-0.00556109	-0.403914	-0.251676	-0.0532006
14:27:58.770	284	-0.00743002	-0.403522	-0.251243	-0.0544047
14:27:59.770	285	-0.00847181	-0.40355	-0.251218	-0.0557786
14:28:00.770	286	-0.0101047	-0.40348	-0.250697	-0.0569651
14:28:01.770	287	-0.0115623	-0.4031	-0.249969	-0.0575056
14:28:02.770	288	-0.0127213	-0.402907	-0.249587	-0.0586754
14:28:03.770	289	-0.0142861	-0.402648	-0.249226	-0.0594826
14:28:04.770	290	-0.0157616	-0.402248	-0.249067	-0.0602132
14:28:05.770	291	-0.0169662	-0.401811	-0.248777	-0.0611838
14:28:06.770	292	-0.0183754	-0.402358	-0.248561	-0.0619127
14:28:07.770	293	-0.0200099	-0.402352	-0.248247	-0.0628512
14:28:08.770	294	-0.0213436	-0.402089	-0.247928	-0.063833
14:28:09.770	295	-0.022987	-0.40235	-0.24777	-0.0647986
14:28:10.770	296	-0.0243981	-0.402884	-0.247526	-0.0655104
14:28:11.770	297	-0.0259244	-0.403399	-0.247228	-0.066673
14:28:12.770	298	-0.0276212	-0.404029	-0.247043	-0.0670974
14:28:13.770	299	-0.0294023	-0.404209	-0.24679	-0.067733
14:28:14.770	300	-0.0315618	-0.404071	-0.246454	-0.0687925
14:28:15.770	301	-0.0330931	-0.404496	-0.246432	-0.0694042
14:28:16.770	302	-0.0348828	-0.404343	-0.246198	-0.0701274
14:28:17.770	303	-0.0368932	-0.404283	-0.24614	-0.0704455
14:28:18.770	304	-0.0386102	-0.404253	-0.24561	-0.0714657
14:28:19.770	305	-0.0397197	-0.403575	-0.245846	-0.0730574
14:28:20.770	306	-0.0417854	-0.403861	-0.245906	-0.0740424
14:28:21.770	307	-0.0435874	-0.404112	-0.246003	-0.0745941
14:28:22.770	308	-0.0447856	-0.404148	-0.246152	-0.0752054
14:28:23.770	309	-0.0465839	-0.403902	-0.246287	-0.0759889
14:28:24.770	310	-0.0484748	-0.403542	-0.246616	-0.0766256
14:28:25.770	311	-0.0501412	-0.403659	-0.246463	-0.0771955
14:28:26.770	312	-0.0516891	-0.404077	-0.246442	-0.0782171
14:28:27.770	313	-0.0530981	-0.403472	-0.24601	-0.0786613
14:28:28.770	314	-0.0548596	-0.402737	-0.246161	-0.0794867
14:28:29.770	315	-0.056746	-0.403034	-0.245962	-0.0801342
14:28:30.770	316	-0.0586024	-0.40284	-0.245746	-0.0807508
14:28:31.770	317	-0.0596823	-0.402291	-0.24608	-0.0814146
14:28:32.770	318	-0.0616314	-0.401491	-0.245855	-0.0817975
14:28:33.770	319	-0.0631923	-0.40095	-0.245615	-0.0823089
14:28:34.770	320	-0.0646077	-0.400474	-0.245556	-0.0831643
14:28:35.770	321	-0.0662382	-0.400191	-0.245322	-0.0835817
14:28:36.770	322	-0.0675326	-0.399122	-0.245314	-0.0842576
14:28:37.770	323	-0.0686554	-0.398599	-0.245212	-0.0851977
14:28:38.770	324	-0.0696226	-0.39816	-0.245508	-0.0856792
14:28:39.770	325	-0.0711925	-0.397978	-0.245436	-0.0866729
14:28:40.770	326	-0.072405	-0.398001	-0.245108	-0.0872036
14:28:41.770	327	-0.0735288	-0.397564	-0.244919	-0.0880818
14:28:42.770	328	-0.0750243	-0.397792	-0.244813	-0.0886982
14:28:43.770	329	-0.0763223	-0.397765	-0.244702	-0.0893001
14:28:44.770	330	-0.0777796	-0.397159	-0.245156	-0.0906102
14:28:45.770	331	-0.0793853	-0.396698	-0.245346	-0.0916659
14:28:46.770	332	-0.0806888	-0.396038	-0.24537	-0.0920481
14:28:47.770	333	-0.0818462	-0.395525	-0.2448	-0.0927012
14:28:48.770	334	-0.0832659	-0.395603	-0.244805	-0.0929395
14:28:49.770	335	-0.0839567	-0.395578	-0.244254	-0.0931083
14:28:50.770	336	-0.0848134	-0.394856	-0.24405	-0.0934093
14:28:51.770	337	-0.0857691	-0.395033	-0.244239	-0.0939277
14:28:52.770	338	-0.0863724	-0.394561	-0.244198	-0.0941785
14:28:53.770	339	-0.0872833	-0.394621	-0.244053	-0.0951515
14:28:54.770	340	-0.0883028	-0.394235	-0.243924	-0.0959805
14:28:55.770	341	-0.0896445	-0.393694	-0.243865	-0.0966025
14:28:56.770	342	-0.0907262	-0.393345	-0.244091	-0.0968679
14:28:57.770	343	-0.0916529	-0.393294	-0.244106	-0.096878
14:28:58.770	344	-0.0924592	-0.393446	-0.244338	-0.0969959
14:28:59.770	345	-0.0932084	-0.393404	-0.244601	-0.096823
14:29:00.770	346	-0.0935272	-0.393276	-0.244888	-0.0968701
14:29:01.770	347	-0.0945995	-0.393505	-0.244711	-0.0968765
14:29:02.770	348	-0.0957102	-0.393238	-0.244619	-0.0969357
14:29:03.770	349	-0.0970167	-0.393473	-0.244523	-0.0971947
14:29:04.770	350	-0.0979013	-0.393008	-0.244789	-0.0980623
14:29:05.770	351	-0.0989959	-0.393089	-0.244867	-0.0982736
14:29:06.770	352	-0.0998562	-0.39304	-0.244672	-0.0985222
14:29:07.770	353	-0.10074	-0.393325	-0.244654	-0.0989979
14:29:08.770	354	-0.101563	-0.393524	-0.244301	-0.0989235
14:29:09.770	355	-0.102435	-0.393618	-0.244057	-0.099331
14:29:10.770	356	-0.103218	-0.394034	-0.243766	-0.0998802
14:29:11.770	357	-0.104102	-0.39471	-0.243582	-0.0996078
14:29:12.770	358	-0.10436	-0.394945	-0.243525	-0.100017
14:29:13.770	359	-0.104855	-0.39463	-0.243357	-0.100201
14:29:14.770	360	-0.105137	-0.39459	-0.243567	-0.100227
14:29:15.770	361	-0.105337	-0.394146	-0.243561	-0.100821
14:29:16.770	362	-0.105466	-0.394054	-0.243575	-0.101166
14:29:17.770	363	-0.10555	-0.394587	-0.243762	-0.101541
14:29:18.770	364	-0.105685	-0.395866	-0.24395	-0.101891
14:29:19.770	365	-0.105564	-0.396762	-0.243881	-0.101605
14:29:20.770	366	-0.10561	-0.39723	-0.243948	-0.101864
14:29:21.770	367	-0.105641	-0.396843	-0.243671	-0.102022
14:29:22.770	368	-0.106242	-0.396394	-0.243504	-0.101758
14:29:23.770	369	-0.106348	-0.395583	-0.243318	-0.101747
14:29:24.770	370	-0.106092	-0.395096	-0.242884	-0.101789
14:29:25.770	371	-0.106591	-0.394343	-0.242808	-0.101791
14:29:26.770	372	-0.106642	-0.393844	-0.243014	-0.101802
14:29:27.770	373	-0.10738	-0.393563	-0.24272	-0.101511
14:29:28.770	374	-0.107867	-0.393271	-0.242489	-0.101723
14:29:29.770	375	-0.108488	-0.393351	-0.242406	-0.101689
14:29:30.770	376	-0.108488	-0.393186	-0.242389	-0.101518
14:29:31.770	377	-0.109042	-0.393048	-0.242106	-0.101181
14:29:32.770	378	-0.109714	-0.392222	-0.242189	-0.100944
14:29:33.770	379	-0.11075	-0.391671	-0.241947	-0.100756
14:29:34.770	380	-0.111502	-0.391246	-0.241888	-0.100386
14:29:35.770	381	-0.112517	-0.391305	-0.241655	-0.100117
14:29:36.770	382	-0.11283	-0.39122	-0.241696	-0.099467
14:29:37.770	383	-0.113368	-0.391001	-0.241765	-0.0995529
14:29:38.770	384	-0.113559	-0.390598	-0.241789	-0.0991002
14:29:39.770	385	-0.114339	-0.389938	-0.241845	-0.0989934
14:29:40.770	386	-0.114563	-0.389669	-0.241444	-0.0988455
14:29:41.770	387	-0.114707	-0.389303	-0.241276	-0.0983518
14:29:42.770	388	-0.115097	-0.389012	-0.241476	-0.0985296
14:29:43.770	389	-0.115248	-0.388776	-0.241381	-0.0983012
14:29:44.770	390	-0.115679	-0.388282	-0.241542	-0.0982429
14:29:45.770	391	-0.115968	-0.388088	-0.241127	-0.0978372
14:29:46.770	392	-0.116195	-0.388085	-0.241389	-0.0978638
14:29:47.770	393	-0.116201	-0.387493	-0.241586	-0.0980747
14:29:48.770	394	-0.115956	-0.386927	-0.241771	-0.0983873
14:29:49.770	395	-0.116192	-0.386788	-0.241735	-0.0984348
14:29:50.770	396	-0.116407	-0.386708	-0.241907	-0.0986687
14:29:51.770	397	-0.116588	-0.38627	-0.241926	-0.0985226
14:29:52.770	398	-0.115949	-0.386144	-0.241935	-0.0984127
14:29:53.770	399	-0.115571	-0.385893	-0.242052	-0.0981682
14:29:54.770	400	-0.115189	-0.385653	-0.242128	-0.098522
14:29:55.770	401	-0.115225	-0.385262	-0.242085	-0.098737
14:29:56.770	402	-0.115016	-0.385057	-0.242117	-0.0988433
14:29:57.770	403	-0.11467	-0.38518	-0.242053	-0.0985086
14:29:58.770	404	-0.1142	-0.38497	-0.242023	-0.0986245
14:29:59.770	405	-0.113647	-0.385065	-0.242173	-0.0982663
14:30:00.770	406	-0.113388	-0.385499	-0.242208	-0.0979331
14:30:01.770	407	-0.112799	-0.387377	-0.241996	-0.0975802
14:30:02.770	408	-0.112761	-0.389766	-0.241885	-0.0967133
14:30:03.770	409	-0.112684	-0.389928	-0.241952	-0.0965001
14:30:04.770	410	-0.112504	-0.389412	-0.241853	-0.0961899
14:30:05.770	411	-0.112262	-0.389592	-0.241805	-0.0959762
14:30:06.770	412	-0.111863	-0.389789	-0.242098	-0.0958421
14:30:07.770	413	-0.111427	-0.389455	-0.242468	-0.0954537
14:30:08.770	414	-0.111005	-0.389191	-0.242492	-0.0946805
14:30:09.770	415	-0.110903	-0.389157	-0.242739	-0.0945128
14:30:10.770	416	-0.110605	-0.388971	-0.24295	-0.0941377
14:30:11.770	417	-0.110794	-0.389987	-0.242727	-0.0938716
14:30:12.770	418	-0.110598	-0.389306	-0.242804	-0.0937345
14:30:13.770	419	-0.110827	-0.389432	-0.243063	-0.0935649
14:30:14.770	420	-0.11081	-0.389284	-0.243081	-0.0936171
14:30:15.770	421	-0.111429	-0.389318	-0.24328	-0.0935603
14:30:16.770	422	-0.111711	-0.389541	-0.243027	-0.0934824
14:30:17.770	423	-0.112545	-0.389963	-0.243243	-0.0936839
14:30:18.770	424	-0.112875	-0.390118	-0.243161	-0.0930465
14:30:19.770	425	-0.113489	-0.390259	-0.242984	-0.0928223
14:30:20.770	426	-0.113363	-0.389844	-0.242681	-0.0921226
14:30:21.770	427	-0.113901	-0.390492	-0.242652	-0.0921008
14:30:22.770	428	-0.114453	-0.390025	-0.242652	-0.0917236
14:30:23.770	429	-0.114514	-0.389952	-0.242464	-0.0912881
14:30:24.770	430	-0.114981	-0.389992	-0.242403	-0.0911015
14:30:25.770	431	-0.114994	-0.389959	-0.242231	-0.090688
14:30:26.770	432	-0.115429	-0.389627	-0.241993	-0.0901227
14:30:27.770	433	-0.115319	-0.388829	-0.242079	-0.0897754
14:30:28.770	434	-0.115254	-0.388928	-0.241739	-0.0892097
14:30:29.770	435	-0.115147	-0.388733	-0.241644	-0.0887207
14:30:30.770	436	-0.114888	-0.388723	-0.241662	-0.0884278
14:30:31.770	437	-0.114407	-0.388467	-0.241615	-0.0880692
14:30:32.770	438	-0.11365	-0.387894	-0.241413	-0.0878742
14:30:33.770	439	-0.113393	-0.387593	-0.241397	-0.0875437
14:30:34.770	440	-0.112635	-0.387344	-0.24164	-0.0870547
14:30:35.770	441	-0.111968	-0.386793	-0.24173	-0.0866511
14:30:36.770	442	-0.111257	-0.386741	-0.241804	-0.0863329
14:30:37.770	443	-0.110454	-0.386786	-0.241955	-0.0862825
14:30:38.770	444	-0.109862	-0.386365	-0.242123	-0.0859233
14:30:39.770	445	-0.10946	-0.38634	-0.242981	-0.0857927
14:30:40.770	446	-0.10828	-0.386388	-0.243854	-0.0858409
14:30:41.770	447	-0.107835	-0.386566	-0.244196	-0.0856097
14:30:42.770	448	-0.107384	-0.386716	-0.244431	-0.0854489
14:30:43.770	449	-0.106501	-0.386305	-0.244825	-0.0851946
14:30:44.770	450	-0.106309	-0.385708	-0.245088	-0.0850949
14:30:45.770	451	-0.105543	-0.385758	-0.245409	-0.0849159
14:30:46.770	452	-0.105279	-0.385977	-0.245295	-0.0847046
14:30:47.770	453	-0.104201	-0.385584	-0.245405	-0.0845338
14:30:48.770	454	-0.103586	-0.385442	-0.244984	-0.084559
14:30:49.770	455	-0.102941	-0.385115	-0.245138	-0.0847612
14:30:50.770	456	-0.102178	-0.384926	-0.24483	-0.0845245
14:30:51.770	457	-0.101098	-0.384979	-0.244861	-0.0844882
14:30:52.770	458	-0.100166	-0.385206	-0.244905	-0.0846042
14:30:53.770	459	-0.0996469	-0.3851	-0.244932	-0.0844329
14:30:54.770	460	-0.0985563	-0.385159	-0.24476	-0.0839691
14:30:55.770	461	-0.0980046	-0.38572	-0.244893	-0.0837112
14:30:56.770	462	-0.0974108	-0.385912	-0.245033	-0.0836757
14:30:57.770	463	-0.0968441	-0.386257	-0.244937	-0.083587
14:30:58.770	464	-0.0963003	-0.387138	-0.244816	-0.0826771
14:30:59.770	465	-0.0959948	-0.387525	-0.244687	-0.0823011
14:31:00.770	466	-0.0957178	-0.387383	-0.246088	-0.0824127
14:31:01.770	467	-0.0953031	-0.38702	-0.246526	-0.082154
14:31:02.770	468	-0.0948123	-0.386909	-0.246399	-0.0817246
14:31:03.770	469	-0.0939251	-0.387187	-0.246514	-0.0813712
14:31:04.770	470	-0.0927277	-0.387313	-0.246201	-0.0807494
14:31:05.770	471	-0.0924875	-0.387265	-0.246058	-0.0800277
14:31:06.770	472	-0.0920756	-0.387005	-0.246006	-0.0794714
14:31:07.770	473	-0.0918151	-0.38695	-0.246001	-0.0789182
14:31:08.770	474	-0.0912053	-0.386949	-0.245814	-0.0785659
14:31:09.770	475	-0.0910776	-0.387473	-0.245525	-0.077967
14:31:10.770	476	-0.0905213	-0.387599	-0.245342	-0.0773974
14:31:11.770	477	-0.0905401	-0.387999	-0.245412	-0.0771111
14:31:12.770	478	-0.089801	-0.387918	-0.24519	-0.0766296
14:31:13.770	479	-0.0893919	-0.387627	-0.2446	-0.0764488
14:31:14.770	480	-0.0888423	-0.387494	-0.24436	-0.0761221
14:31:15.770	481	-0.088233	-0.387284	-0.244143	-0.0757664
14:31:16.770	482	-0.0876845	-0.38698	-0.244175	-0.075495
14:31:17.770	483	-0.0870034	-0.386853	-0.244217	-0.0749413
14:31:18.770	484	-0.0859435	-0.386608	-0.244811	-0.0750268
14:31:19.770	485	-0.0850974	-0.386532	-0.244963	-0.074841
14:31:20.770	486	-0.0843189	-0.386267	-0.245149	-0.0751729
14:31:21.770	487	-0.0835002	-0.385955	-0.245093	-0.075075
14:31:22.770	488	-0.082844	-0.385781	-0.245314	-0.0748015
14:31:23.770	489	-0.0823989	-0.385796	-0.245494	-0.0746393
14:31:24.770	490	-0.0817097	-0.385647	-0.245629	-0.0745875
14:31:25.770	491	-0.0808835	-0.386144	-0.245294	-0.0741776
14:31:26.770	492	-0.0800488	-0.386195	-0.245472	-0.0740061
14:31:27.770	493	-0.0793954	-0.386239	-0.245728	-0.0734599
14:31:28.770	494	-0.0788866	-0.386883	-0.246184	-0.0731874
14:31:29.770	495	-0.0781179	-0.386764	-0.246219	-0.0730725
14:31:30.770	496	-0.0777341	-0.386615	-0.246282	-0.0723977
14:31:31.770	497	-0.0769024	-0.386343	-0.246139	-0.0722087
14:31:32.770	498	-0.076184	-0.386266	-0.246199	-0.0716438
14:31:33.770	499	-0.0760335	-0.385796	-0.245876	-0.0711517
14:31:34.770	500	-0.0746863	-0.385506	-0.245783	-0.0708904
14:31:35.770	501	-0.0740612	-0.385422	-0.245521	-0.0704672
14:31:36.770	502	-0.0736326	-0.385065	-0.245698	-0.0700525
14:31:37.770	503	-0.0726436	-0.38469	-0.245763	-0.0700235
14:31:38.770	504	-0.0718906	-0.384445	-0.245604	-0.069562
14:31:39.770	505	-0.0714002	-0.384164	-0.245515	-0.0692921
14:31:40.770	506	-0.0707031	-0.383903	-0.245307	-0.0689048
14:31:41.770	507	-0.069654	-0.384229	-0.245262	-0.0683641
14:31:42.770	508	-0.0687685	-0.383956	-0.245089	-0.0682117
14:31:43.770	509	-0.0677845	-0.383998	-0.24459	-0.0674054
14:31:44.770	510	-0.0668488	-0.384114	-0.244705	-0.0669809
14:31:45.770	511	-0.066374	-0.384126	-0.244802	-0.0664666
14:31:46.770	512	-0.0656499	-0.384333	-0.244769	-0.0660627
14:31:47.770	513	-0.0651319	-0.384356	-0.244926	-0.0658079
14:31:48.770	514	-0.064308	-0.384212	-0.245376	-0.0651732
14:31:49.770	515	-0.0635887	-0.384013	-0.245619	-0.0647265
14:31:50.770	516	-0.0625644	-0.384068	-0.245627	-0.0642819
14:31:51.770	517	-0.0620757	-0.384055	-0.24574	-0.0638851
14:31:52.770	518	-0.061075	-0.383923	-0.245783	-0.0635702
14:31:53.770	519	-0.0601084	-0.383925	-0.245651	-0.0631734
14:31:54.770	520	-0.059595	-0.383886	-0.245691	-0.0628127
14:31:55.770	521	-0.0588509	-0.383768	-0.246097	-0.0623406
14:31:56.770	522	-0.05772	-0.383928	-0.245874	-0.062019
14:31:57.770	523	-0.0570417	-0.383962	-0.246071	-0.0618208
